 0.0  0.0
 1.0  0.0

 0.251813236653  -30.0
 0.251813236653  30.0

 0.251813236653  -30.0
 0.251813236653  30.0

 0.324505456637  -30.0
 0.324505456637  30.0

 0.324505456637  -30.0
 0.324505456637  30.0

 0.542582116587  -30.0
 0.542582116587  30.0

 0.542582116587  -30.0
 0.542582116587  30.0

 0.668488734914  -30.0
 0.668488734914  30.0

 0.668488734914  -30.0
 0.668488734914  30.0

 0.874093381673  -30.0
 0.874093381673  30.0

 0.874093381673  -30.0
 0.874093381673  30.0

 1.0  -30.0
 1.0  30.0

 0.0  -19.39018869
 0.01325332851  -19.38356351
 0.0265066570199  -19.36598716
 0.0397599855299  -19.33509703
 0.0530133140399  -19.29461898
 0.0662666425498  -19.24453235
 0.0795199710598  -19.18667217
 0.0927732995697  -19.12018407
 0.10602662808  -19.04754266
 0.11927995659  -18.97033205
 0.132533280063  -18.89133541
 0.145786608573  -18.81130931
 0.159039937083  -18.73259386
 0.172293265593  -18.65863897
 0.185546594103  -18.59032309
 0.198799922613  -18.53026576
 0.212053251123  -18.48088629
 0.225306579633  -18.4484556
 0.238559908143  -18.44653447
 0.251813236653  -18.44662822
 0.251813236653  -18.44662822
 0.255639140137  -18.44689931
 0.25946505089  -18.4477128
 0.263290954374  -18.44907001
 0.267116862219  -18.45141206
 0.270942765703  -18.45387316
 0.274768676456  -18.45688577
 0.278594579939  -18.46045527
 0.282420487785  -18.46458571
 0.286246391268  -18.46928112
 0.290072302021  -18.47454669
 0.293898205505  -18.48109172
 0.29772411335  -18.48752898
 0.301550016834  -18.49455119
 0.305375927587  -18.50216375
 0.309201831071  -18.51037065
 0.313027738916  -18.51917772
 0.3168536424  -18.52858535
 0.320679553153  -18.53848549
 0.324505456637  -18.54910091
 0.324505456637  -18.54910091
 0.335983178719  -18.55879823
 0.347460892562  -18.56699107
 0.358938614644  -18.6070605
 0.370416333334  -18.66538078
 0.38189405057  -18.7289371
 0.39337176926  -18.79555697
 0.404849491342  -18.86306603
 0.416327205185  -18.93168516
 0.427804927267  -18.99933749
 0.439282645957  -19.06461267
 0.450760368039  -19.12577474
 0.462238081882  -19.18271871
 0.473715803964  -19.23447294
 0.485193522654  -19.2797469
 0.49667123989  -19.31794536
 0.50814895858  -19.3487504
 0.519626680662  -19.37159504
 0.531104394505  -19.38503275
 0.542582116587  -19.39018869
 0.542582116587  -19.39018869
 0.549208780842  -19.38871551
 0.555835445097  -19.3835727
 0.562462109352  -19.37624914
 0.569088773607  -19.36603104
 0.575715437862  -19.35257558
 0.582342102117  -19.33521058
 0.588968766372  -19.3159189
 0.595595430627  -19.2948269
 0.602222094882  -19.27123472
 0.608848756619  -19.24488542
 0.615475420874  -19.21669092
 0.622102085129  -19.18723571
 0.628728749384  -19.15509278
 0.635355413639  -19.12113504
 0.641982077894  -19.0858197
 0.648608742149  -19.04934837
 0.655235406404  -19.01222283
 0.661862070659  -18.975941
 0.668488734914  -18.95347051
 0.668488734914  -18.95347051
 0.679310028216  -18.95065094
 0.690131329743  -18.94277741
 0.700952623045  -18.93015061
 0.711773924571  -18.91308998
 0.722595217873  -18.89166203
 0.7334165194  -18.86609574
 0.744237812702  -18.83724867
 0.755059114228  -18.80538858
 0.76588040753  -18.77092656
 0.776701709057  -18.73480565
 0.787523002359  -18.69739975
 0.798344303885  -18.65970582
 0.809165597188  -18.62218955
 0.819986898714  -18.58520849
 0.830808192016  -18.54986397
 0.841629493543  -18.51656824
 0.852450786845  -18.48596909
 0.863272088371  -18.45865846
 0.874093381673  -18.43495689
 0.874093381673  -18.43495689
 0.88072004341  -18.43605736
 0.887346710183  -18.43749487
 0.89397337192  -18.43859952
 0.900600038693  -18.4397554
 0.90722670043  -18.44069999
 0.913853367203  -18.44224621
 0.92048002894  -18.44318165
 0.927106695713  -18.44374788
 0.93373335745  -18.4447998
 0.940360024223  -18.44519354
 0.94698668596  -18.44557674
 0.953613352733  -18.44642098
 0.96024001447  -18.44665912
 0.966866681243  -18.44655563
 0.97349334298  -18.44689203
 0.980120009753  -18.44714574
 0.98674667149  -18.44646543
 0.993373338263  -18.44658754
 1.0  -18.44662822
 1.0  -18.41382273
 0.993373338263  -18.41389697
 0.98674667149  -18.41484608
 0.980120009753  -18.41524103
 0.97349334298  -18.41577727
 0.966866681243  -18.41670466
 0.96024001447  -18.41697268
 0.953613352733  -18.41764172
 0.94698668596  -18.41869222
 0.940360024223  -18.42011082
 0.93373335745  -18.42163075
 0.927106695713  -18.42269463
 0.92048002894  -18.42373364
 0.913853367203  -18.4251403
 0.90722670043  -18.42683783
 0.900600038693  -18.4285547
 0.89397337192  -18.43010198
 0.887346710183  -18.4315515
 0.88072004341  -18.43296325
 0.874093381673  -18.43444662
 0.874093381673  -18.43444662
 0.863272088371  -18.45650527
 0.852450786845  -18.48175384
 0.841629493543  -18.50996596
 0.830808192016  -18.54052934
 0.819986898714  -18.57287536
 0.809165597188  -18.6066818
 0.798344303885  -18.64090746
 0.787523002359  -18.67530047
 0.776701709057  -18.70942376
 0.76588040753  -18.74236516
 0.755059114228  -18.77380723
 0.744237812702  -18.80287451
 0.7334165194  -18.82919069
 0.722595217873  -18.85256078
 0.711773924571  -18.87212826
 0.700952623045  -18.88771127
 0.690131329743  -18.89927039
 0.679310028216  -18.90649763
 0.668488734914  -18.90911719
 0.668488734914  -18.90911719
 0.661862070659  -18.88539083
 0.655235406404  -18.84826488
 0.648608742149  -18.80916673
 0.641982077894  -18.7699893
 0.635355413639  -18.73131387
 0.628728749384  -18.69426399
 0.622102085129  -18.65774618
 0.615475420874  -18.6227757
 0.608848756619  -18.58965491
 0.602222094882  -18.55867174
 0.595595430627  -18.52973054
 0.588968766372  -18.50324496
 0.582342102117  -18.48033748
 0.575715437862  -18.46055942
 0.569088773607  -18.44409986
 0.562462109352  -18.43073707
 0.555835445097  -18.42138054
 0.549208780842  -18.41573153
 0.542582116587  -18.41384226
 0.542582116587  -18.41384228
 0.531104394505  -18.41585028
 0.519626680662  -18.4208492
 0.50814895858  -18.42845115
 0.49667123989  -18.438097
 0.485193522654  -18.45015479
 0.473715803964  -18.46437897
 0.462238081882  -18.4796692
 0.450760368039  -18.4949313
 0.439282645957  -18.51072222
 0.427804927267  -18.52517698
 0.416327205185  -18.53855349
 0.404849491342  -18.54944927
 0.39337176926  -18.55841599
 0.38189405057  -18.56508005
 0.370416333334  -18.56812107
 0.358938614644  -18.56780191
 0.347460892562  -18.54995474
 0.335983178719  -18.50453738
 0.324505456637  -18.46632423
 0.324505456637  -18.46632423
 0.320679553153  -18.46212254
 0.3168536424  -18.45776979
 0.313027738916  -18.45363484
 0.309201831071  -18.44957481
 0.305375927587  -18.44520133
 0.301550016834  -18.44138643
 0.29772411335  -18.43800929
 0.293898205505  -18.43423825
 0.290072302021  -18.43126275
 0.286246391268  -18.42849184
 0.282420487785  -18.42573028
 0.278594579939  -18.42324244
 0.274768676456  -18.42104724
 0.270942765703  -18.41916041
 0.267116862219  -18.41746948
 0.263290954374  -18.41540344
 0.25946505089  -18.41452722
 0.255639140137  -18.41399869
 0.251813236653  -18.41382273
 0.251813236653  -18.41382273
 0.238559908143  -18.42130782
 0.225306579633  -18.44257763
 0.212053251123  -18.44623299
 0.198799922613  -18.44528949
 0.185546594103  -18.44456058
 0.172293265593  -18.44297315
 0.159039937083  -18.44051285
 0.145786608573  -18.43843296
 0.132533280063  -18.43589762
 0.11927995659  -18.4328733
 0.10602662808  -18.43002102
 0.0927732995697  -18.4267769
 0.0795199710598  -18.42369152
 0.0662666425498  -18.42160743
 0.0530133140399  -18.41868448
 0.0397599855299  -18.41697911
 0.0265066570199  -18.41579078
 0.01325332851  -18.41486573
 0.0  -18.41384228
 0.0  -7.21833261
 0.01325332851  -7.20567809
 0.0265066570199  -7.16780501
 0.0397599855299  -7.10559587
 0.0530133140399  -7.02080992
 0.0662666425498  -6.91587561
 0.0795199710598  -6.79349582
 0.0927732995697  -6.65947943
 0.10602662808  -6.5205179
 0.11927995659  -6.38560321
 0.132533280063  -6.26718742
 0.145786608573  -6.17477087
 0.159039937083  -6.26503085
 0.172293265593  -6.50606786
 0.185546594103  -6.7161687
 0.198799922613  -6.89255555
 0.212053251123  -7.03319446
 0.225306579633  -7.13553415
 0.238559908143  -7.19749552
 0.251813236653  -7.21832913
 0.251813236653  -7.21832913
 0.255639140137  -7.21710488
 0.25946505089  -7.21343476
 0.263290954374  -7.20733502
 0.267116862219  -7.19895053
 0.270942765703  -7.18814757
 0.274768676456  -7.17496585
 0.278594579939  -7.15952457
 0.282420487785  -7.1418925
 0.286246391268  -7.12214732
 0.290072302021  -7.1001841
 0.293898205505  -7.07650479
 0.29772411335  -7.05101332
 0.301550016834  -7.02382959
 0.305375927587  -6.99509097
 0.309201831071  -6.9650991
 0.313027738916  -6.93369107
 0.3168536424  -6.90119472
 0.320679553153  -6.86814286
 0.324505456637  -6.83403512
 0.324505456637  -6.83403512
 0.335983178719  -6.7538219
 0.347460892562  -6.64859124
 0.358938614644  -6.51745714
 0.370416333334  -6.36132956
 0.38189405057  -6.19381952
 0.39337176926  -6.21324922
 0.404849491342  -6.25898993
 0.416327205185  -6.32578456
 0.427804927267  -6.41207026
 0.439282645957  -6.51517104
 0.450760368039  -6.62794462
 0.462238081882  -6.74413634
 0.473715803964  -6.85557079
 0.485193522654  -6.95861207
 0.49667123989  -7.04812917
 0.50814895858  -7.12105305
 0.519626680662  -7.17461074
 0.531104394505  -7.20736639
 0.542582116587  -7.21833261
 0.542582116587  -7.21833261
 0.549208780842  -7.21316266
 0.555835445097  -7.19767269
 0.562462109352  -7.17195149
 0.569088773607  -7.13626393
 0.575715437862  -7.0904769
 0.582342102117  -7.03495169
 0.588968766372  -6.96995154
 0.595595430627  -6.89602304
 0.602222094882  -6.81360601
 0.608848756619  -6.72240334
 0.615475420874  -6.62332565
 0.622102085129  -6.51702396
 0.628728749384  -6.40417168
 0.635355413639  -6.28449985
 0.641982077894  -6.16238016
 0.648608742149  -6.03929565
 0.655235406404  -5.92141664
 0.661862070659  -5.82334668
 0.668488734914  -5.78191664
 0.668488734914  -5.78191665
 0.679310028216  -5.78207429
 0.690131329743  -5.78367457
 0.700952623045  -5.78749935
 0.711773924571  -5.79510767
 0.722595217873  -5.80765341
 0.7334165194  -5.82718876
 0.744237812702  -5.85530253
 0.755059114228  -5.89245437
 0.76588040753  -5.97447193
 0.776701709057  -6.05200179
 0.787523002359  -6.12177939
 0.798344303885  -6.18163555
 0.809165597188  -6.23230184
 0.819986898714  -6.27200992
 0.830808192016  -6.30072501
 0.841629493543  -6.31839653
 0.852450786845  -6.33492971
 0.863272088371  -6.34602129
 0.874093381673  -6.34307694
 0.874093381673  -6.34307695
 0.88072004341  -6.38908611
 0.887346710183  -6.45369169
 0.89397337192  -6.52163062
 0.900600038693  -6.59096016
 0.90722670043  -6.65986485
 0.913853367203  -6.72781851
 0.92048002894  -6.79356866
 0.927106695713  -6.85649674
 0.93373335745  -6.91582927
 0.940360024223  -6.97058778
 0.94698668596  -7.02073667
 0.953613352733  -7.06584597
 0.96024001447  -7.10554122
 0.966866681243  -7.1397696
 0.97349334298  -7.16777236
 0.980120009753  -7.18982543
 0.98674667149  -7.2056674
 0.993373338263  -7.21514268
 1.0  -7.21832913
 1.0  -6.06759039
 0.993373338263  -6.06732961
 0.98674667149  -6.06656992
 0.980120009753  -6.06609769
 0.97349334298  -6.06464449
 0.966866681243  -6.06303988
 0.96024001447  -6.06250886
 0.953613352733  -6.06145153
 0.94698668596  -6.06087658
 0.940360024223  -6.06199474
 0.93373335745  -6.06498809
 0.927106695713  -6.07071927
 0.92048002894  -6.08073157
 0.913853367203  -6.09491011
 0.90722670043  -6.11461939
 0.900600038693  -6.14144745
 0.89397337192  -6.17566786
 0.887346710183  -6.21767686
 0.88072004341  -6.26617041
 0.874093381673  -6.30748217
 0.874093381673  -6.30748216
 0.863272088371  -6.32117922
 0.852450786845  -6.32511118
 0.841629493543  -6.31043389
 0.830808192016  -6.274031
 0.819986898714  -6.22756524
 0.809165597188  -6.17313325
 0.798344303885  -6.11340573
 0.787523002359  -6.05274285
 0.776701709057  -5.99315157
 0.76588040753  -5.93925371
 0.755059114228  -5.88935066
 0.744237812702  -5.79889232
 0.7334165194  -5.70398505
 0.722595217873  -5.60729523
 0.711773924571  -5.51179216
 0.700952623045  -5.42164359
 0.690131329743  -5.34444565
 0.679310028216  -5.29000025
 0.668488734914  -5.27014212
 0.668488734914  -5.27014209
 0.661862070659  -5.22307556
 0.655235406404  -5.11308986
 0.648608742149  -4.97366924
 0.641982077894  -4.820632
 0.635355413639  -4.66193665
 0.628728749384  -4.6963258
 0.622102085129  -4.73058383
 0.615475420874  -4.76437048
 0.608848756619  -4.79689235
 0.602222094882  -4.82753348
 0.595595430627  -4.85561095
 0.588968766372  -4.88103243
 0.582342102117  -4.90373877
 0.575715437862  -4.92327485
 0.569088773607  -4.93943141
 0.562462109352  -4.95164298
 0.555835445097  -4.96077435
 0.549208780842  -4.96627818
 0.542582116587  -4.96811638
 0.542582116587  -4.96811638
 0.531104394505  -4.97164089
 0.519626680662  -4.97898249
 0.50814895858  -4.98980657
 0.49667123989  -5.00266083
 0.485193522654  -5.01783835
 0.473715803964  -5.03494735
 0.462238081882  -5.05194952
 0.450760368039  -5.07800867
 0.439282645957  -5.14815879
 0.427804927267  -5.31502563
 0.416327205185  -5.53643216
 0.404849491342  -5.76357718
 0.39337176926  -5.98119951
 0.38189405057  -6.17302543
 0.370416333334  -6.16961292
 0.358938614644  -6.16390651
 0.347460892562  -6.1630152
 0.335983178719  -6.1642413
 0.324505456637  -6.16479249
 0.324505456637  -6.16479248
 0.320679553153  -6.16297842
 0.3168536424  -6.1600991
 0.313027738916  -6.15580191
 0.309201831071  -6.1505216
 0.305375927587  -6.14443877
 0.301550016834  -6.13774253
 0.29772411335  -6.13061251
 0.293898205505  -6.1232236
 0.290072302021  -6.11474877
 0.286246391268  -6.10739426
 0.282420487785  -6.10029711
 0.278594579939  -6.09361411
 0.274768676456  -6.0874909
 0.270942765703  -6.08206154
 0.267116862219  -6.0774388
 0.263290954374  -6.07240528
 0.25946505089  -6.06974798
 0.255639140137  -6.0681324
 0.251813236653  -6.06759039
 0.251813236653  -6.06759039
 0.238559908143  -6.06653562
 0.225306579633  -6.06448655
 0.212053251123  -6.06208569
 0.198799922613  -6.05998557
 0.185546594103  -6.06343757
 0.172293265593  -6.07845151
 0.159039937083  -6.11147013
 0.145786608573  -5.9970825
 0.132533280063  -5.71003445
 0.11927995659  -5.4169715
 0.10602662808  -5.22073604
 0.0927732995697  -5.16539425
 0.0795199710598  -5.12488208
 0.0662666425498  -5.08636133
 0.0530133140399  -5.04724322
 0.0397599855299  -5.01520972
 0.0265066570199  -4.99099137
 0.01325332851  -4.97511637
 0.0  -4.96811637
 0.0  -4.96811635
 0.01325332851  -4.96397407
 0.0265066570199  -4.95007654
 0.0397599855299  -4.92715681
 0.0530133140399  -4.89576579
 0.0662666425498  -4.85754722
 0.0795199710598  -4.81215838
 0.0927732995697  -4.76244032
 0.10602662808  -5.00152122
 0.11927995659  -5.13463697
 0.132533280063  -5.12895847
 0.145786608573  -5.07449194
 0.159039937083  -4.98648003
 0.172293265593  -4.8934956
 0.185546594103  -4.84329979
 0.198799922613  -4.85203448
 0.212053251123  -4.8869802
 0.225306579633  -4.92325287
 0.238559908143  -4.94502011
 0.251813236653  -4.95251502
 0.251813236653  -4.952515
 0.255639140137  -4.95231338
 0.25946505089  -4.9517103
 0.263290954374  -4.95070853
 0.267116862219  -4.9503765
 0.270942765703  -4.94863237
 0.274768676456  -4.94651443
 0.278594579939  -4.94403466
 0.282420487785  -4.94120722
 0.286246391268  -4.93804835
 0.290072302021  -4.93446544
 0.293898205505  -4.93045578
 0.29772411335  -4.92729492
 0.301550016834  -4.92289241
 0.305375927587  -4.91841581
 0.309201831071  -4.91382823
 0.313027738916  -4.90900135
 0.3168536424  -4.90404331
 0.320679553153  -4.89965645
 0.324505456637  -4.89822965
 0.324505456637  -4.89822978
 0.335983178719  -4.86537157
 0.347460892562  -4.82730088
 0.358938614644  -4.78012343
 0.370416333334  -4.72518102
 0.38189405057  -4.66779308
 0.39337176926  -4.70416425
 0.404849491342  -4.77366098
 0.416327205185  -4.83348088
 0.427804927267  -4.85416238
 0.439282645957  -4.78780843
 0.450760368039  -4.70367876
 0.462238081882  -4.75867567
 0.473715803964  -4.80976866
 0.485193522654  -4.8553267
 0.49667123989  -4.89484416
 0.50814895858  -4.92693987
 0.519626680662  -4.94996691
 0.531104394505  -4.96345252
 0.542582116587  -4.96811638
 0.542582116587  -4.96811636
 0.549208780842  -4.96627816
 0.555835445097  -4.96077391
 0.562462109352  -4.95164289
 0.569088773607  -4.93943135
 0.575715437862  -4.92327474
 0.582342102117  -4.90373857
 0.588968766372  -4.88103241
 0.595595430627  -4.85561088
 0.602222094882  -4.82753332
 0.608848756619  -4.79689232
 0.615475420874  -4.76437029
 0.622102085129  -4.73058349
 0.628728749384  -4.69632563
 0.635355413639  -4.66193633
 0.641982077894  -4.63030645
 0.648608742149  -4.60236791
 0.655235406404  -4.58013282
 0.661862070659  -4.56561759
 0.668488734914  -4.56101134
 0.668488734914  -4.56101134
 0.679310028216  -4.56132268
 0.690131329743  -4.56245672
 0.700952623045  -4.56529387
 0.711773924571  -4.5701934
 0.722595217873  -4.57844813
 0.7334165194  -4.58794644
 0.744237812702  -4.600476
 0.755059114228  -4.61368579
 0.76588040753  -4.62638934
 0.776701709057  -4.63792507
 0.787523002359  -4.6481317
 0.798344303885  -4.66060725
 0.809165597188  -4.68152446
 0.819986898714  -4.7174229
 0.830808192016  -4.80999259
 0.841629493543  -4.91112223
 0.852450786845  -5.00489977
 0.863272088371  -5.09040881
 0.874093381673  -5.16613322
 0.874093381673  -5.16613322
 0.88072004341  -5.16499654
 0.887346710183  -5.16141162
 0.89397337192  -5.15459662
 0.900600038693  -5.14393782
 0.90722670043  -5.1310857
 0.913853367203  -5.11553041
 0.92048002894  -5.0989505
 0.927106695713  -5.08204945
 0.93373335745  -5.0646104
 0.940360024223  -5.04571667
 0.94698668596  -5.0278111
 0.953613352733  -5.01147231
 0.96024001447  -4.99712054
 0.966866681243  -4.98495273
 0.97349334298  -4.97364283
 0.980120009753  -4.96476097
 0.98674667149  -4.95841796
 0.993373338263  -4.95341435
 1.0  -4.95251502
 1.0  -4.94433848
 0.993373338263  -4.94344868
 0.98674667149  -4.94071703
 0.980120009753  -4.93448565
 0.97349334298  -4.92556735
 0.966866681243  -4.91460575
 0.96024001447  -4.9002249
 0.953613352733  -4.8840324
 0.94698668596  -4.86595544
 0.940360024223  -4.84686278
 0.93373335745  -4.82643088
 0.927106695713  -4.80731138
 0.92048002894  -4.80154606
 0.913853367203  -4.84048183
 0.90722670043  -4.90158493
 0.900600038693  -4.96014668
 0.89397337192  -5.00885541
 0.887346710183  -5.04589402
 0.88072004341  -5.06873255
 0.874093381673  -5.0766934
 0.874093381673  -5.07669341
 0.863272088371  -4.99196837
 0.852450786845  -4.91124062
 0.841629493543  -4.83654333
 0.830808192016  -4.77061585
 0.819986898714  -4.70304293
 0.809165597188  -4.59283175
 0.798344303885  -4.48093367
 0.787523002359  -4.42894231
 0.776701709057  -4.37834646
 0.76588040753  -4.32347068
 0.755059114228  -4.26421273
 0.744237812702  -4.19657274
 0.7334165194  -4.21773651
 0.722595217873  -4.28557426
 0.711773924571  -4.35767834
 0.700952623045  -4.4298194
 0.690131329743  -4.49499811
 0.679310028216  -4.54255858
 0.668488734914  -4.56101119
 0.668488734914  -4.56101133
 0.661862070659  -4.56561745
 0.655235406404  -4.58013279
 0.648608742149  -4.60236768
 0.641982077894  -4.63030628
 0.635355413639  -4.66038653
 0.628728749384  -4.49655084
 0.622102085129  -4.33040856
 0.615475420874  -4.15938565
 0.608848756619  -3.99424735
 0.602222094882  -3.83203803
 0.595595430627  -3.67407882
 0.588968766372  -3.52255239
 0.582342102117  -3.38092281
 0.575715437862  -3.25220138
 0.569088773607  -3.13814888
 0.562462109352  -3.04105582
 0.555835445097  -2.96697167
 0.549208780842  -2.92375938
 0.542582116587  -2.90788802
 0.542582116587  -2.90788804
 0.531104394505  -2.953972
 0.519626680662  -3.0903018
 0.50814895858  -3.28631688
 0.49667123989  -3.52498186
 0.485193522654  -3.78838041
 0.473715803964  -4.0628876
 0.462238081882  -4.33777843
 0.450760368039  -4.59401561
 0.439282645957  -4.65127103
 0.427804927267  -4.60595523
 0.416327205185  -4.57877696
 0.404849491342  -4.5809342
 0.39337176926  -4.61502818
 0.38189405057  -4.65713157
 0.370416333334  -4.66038261
 0.358938614644  -4.70591192
 0.347460892562  -4.76824047
 0.335983178719  -4.83427832
 0.324505456637  -4.8938658
 0.324505456637  -4.8938658
 0.320679553153  -4.89898674
 0.3168536424  -4.90156933
 0.313027738916  -4.90393757
 0.309201831071  -4.9066813
 0.305375927587  -4.90845732
 0.301550016834  -4.91179157
 0.29772411335  -4.91597161
 0.293898205505  -4.91947792
 0.290072302021  -4.92360359
 0.286246391268  -4.92783454
 0.282420487785  -4.93124477
 0.278594579939  -4.93443666
 0.274768676456  -4.93734202
 0.270942765703  -4.9399047
 0.267116862219  -4.94175165
 0.263290954374  -4.94199264
 0.25946505089  -4.94328679
 0.255639140137  -4.94407404
 0.251813236653  -4.94433847
 0.251813236653  -4.94433848
 0.238559908143  -4.93697049
 0.225306579633  -4.91626442
 0.212053251123  -4.88459462
 0.198799922613  -4.83841097
 0.185546594103  -4.78031937
 0.172293265593  -4.71778898
 0.159039937083  -4.6609669
 0.145786608573  -4.62873626
 0.132533280063  -4.63218851
 0.11927995659  -4.66445215
 0.10602662808  -4.71130175
 0.0927732995697  -4.69745109
 0.0795199710598  -4.36404151
 0.0662666425498  -4.02447259
 0.0530133140399  -3.70054293
 0.0397599855299  -3.40232478
 0.0265066570199  -3.15208911
 0.01325332851  -2.97185359
 0.0  -2.90788744
 0.0  -2.90779174
 0.01325332851  -2.93760228
 0.0265066570199  -3.02182392
 0.0397599855299  -3.1387933
 0.0530133140399  -3.28021824
 0.0662666425498  -3.43260746
 0.0795199710598  -3.58820431
 0.0927732995697  -3.7396977
 0.10602662808  -3.88139006
 0.11927995659  -4.02032275
 0.132533280063  -4.16043716
 0.145786608573  -4.28386677
 0.159039937083  -4.38320178
 0.172293265593  -4.44030605
 0.185546594103  -4.41779038
 0.198799922613  -4.3124828
 0.212053251123  -4.17567175
 0.225306579633  -4.04633687
 0.238559908143  -3.95052238
 0.251813236653  -3.91661811
 0.251813236653  -3.91661816
 0.255639140137  -3.91658385
 0.25946505089  -3.91648138
 0.263290954374  -3.91630779
 0.267116862219  -3.91617036
 0.270942765703  -3.91584195
 0.274768676456  -3.91542139
 0.278594579939  -3.91490017
 0.282420487785  -3.914264
 0.286246391268  -3.9135007
 0.290072302021  -3.91259395
 0.293898205505  -3.91207872
 0.29772411335  -3.91085835
 0.301550016834  -3.90943962
 0.305375927587  -3.90780264
 0.309201831071  -3.90592608
 0.313027738916  -3.90378341
 0.3168536424  -3.90134944
 0.320679553153  -3.89859958
 0.324505456637  -3.89550598
 0.324505456637  -3.89550599
 0.335983178719  -3.90503396
 0.347460892562  -3.96792853
 0.358938614644  -4.0574863
 0.370416333334  -4.13875146
 0.38189405057  -4.1773812
 0.39337176926  -4.1513548
 0.404849491342  -4.08928529
 0.416327205185  -4.05634046
 0.427804927267  -3.98304465
 0.439282645957  -3.88060709
 0.450760368039  -3.75935696
 0.462238081882  -3.62677579
 0.473715803964  -3.4884479
 0.485193522654  -3.34945511
 0.49667123989  -3.21569351
 0.50814895858  -3.09521942
 0.519626680662  -2.9974421
 0.531104394505  -2.93075385
 0.542582116587  -2.90779189
 0.542582116587  -2.90779189
 0.549208780842  -2.91386521
 0.555835445097  -2.93081975
 0.562462109352  -2.95988245
 0.569088773607  -2.99880618
 0.575715437862  -3.04590048
 0.582342102117  -3.09649076
 0.588968766372  -3.15505746
 0.595595430627  -3.21881323
 0.602222094882  -3.28501313
 0.608848756619  -3.35177871
 0.615475420874  -3.41900965
 0.622102085129  -3.48506196
 0.628728749384  -3.54805642
 0.635355413639  -3.60656018
 0.641982077894  -3.65914572
 0.648608742149  -3.70365783
 0.655235406404  -3.73787094
 0.661862070659  -3.7595611
 0.668488734914  -3.76783927
 0.668488734914  -3.76783926
 0.679310028216  -3.7818489
 0.690131329743  -3.82337536
 0.700952623045  -3.88600676
 0.711773924571  -3.9619168
 0.722595217873  -4.04253233
 0.7334165194  -4.12237149
 0.744237812702  -4.15786799
 0.755059114228  -4.11101919
 0.76588040753  -4.1642395
 0.776701709057  -4.26425203
 0.787523002359  -4.37042437
 0.798344303885  -4.47711007
 0.809165597188  -4.51743234
 0.819986898714  -4.54569699
 0.830808192016  -4.5633574
 0.841629493543  -4.57474059
 0.852450786845  -4.58543102
 0.863272088371  -4.5992494
 0.874093381673  -4.61708955
 0.874093381673  -4.61708945
 0.88072004341  -4.62220419
 0.887346710183  -4.63639779
 0.89397337192  -4.65658474
 0.900600038693  -4.68007848
 0.90722670043  -4.70325223
 0.913853367203  -4.72103455
 0.92048002894  -4.70833776
 0.927106695713  -4.64445494
 0.93373335745  -4.56249934
 0.940360024223  -4.47477352
 0.94698668596  -4.38545971
 0.953613352733  -4.29856568
 0.96024001447  -4.21358544
 0.966866681243  -4.13422407
 0.97349334298  -4.06377931
 0.980120009753  -4.00420732
 0.98674667149  -3.95525156
 0.993373338263  -3.92648165
 1.0  -3.91661808
 1.0  -3.91655968
 0.993373338263  -3.91849967
 0.98674667149  -3.92430106
 0.980120009753  -3.93404234
 0.97349334298  -3.94730346
 0.966866681243  -3.96408115
 0.96024001447  -3.98419835
 0.953613352733  -4.00789955
 0.94698668596  -4.03379947
 0.940360024223  -4.06320692
 0.93373335745  -4.09494557
 0.927106695713  -4.1266747
 0.92048002894  -4.16052245
 0.913853367203  -4.19410151
 0.90722670043  -4.22640693
 0.900600038693  -4.25836515
 0.89397337192  -4.28743271
 0.887346710183  -4.31152372
 0.88072004341  -4.32781455
 0.874093381673  -4.33372309
 0.874093381673  -4.33372307
 0.863272088371  -4.27189492
 0.852450786845  -4.21326344
 0.841629493543  -4.15963107
 0.830808192016  -4.11333064
 0.819986898714  -4.07507797
 0.809165597188  -4.04809021
 0.798344303885  -4.03271596
 0.787523002359  -4.02940494
 0.776701709057  -4.04152456
 0.76588040753  -4.0667685
 0.755059114228  -4.06836244
 0.744237812702  -3.99150481
 0.7334165194  -3.9242818
 0.722595217873  -3.87121404
 0.711773924571  -3.82978265
 0.700952623045  -3.80054792
 0.690131329743  -3.78116738
 0.679310028216  -3.7711483
 0.668488734914  -3.76783906
 0.668488734914  -3.76783922
 0.661862070659  -3.7595608
 0.655235406404  -3.73787091
 0.648608742149  -3.70365735
 0.641982077894  -3.65914556
 0.635355413639  -3.60656
 0.628728749384  -3.5480562
 0.622102085129  -3.48506162
 0.615475420874  -3.41900959
 0.608848756619  -3.35177847
 0.602222094882  -3.28501248
 0.595595430627  -3.21881275
 0.588968766372  -3.1550571
 0.582342102117  -3.09649023
 0.575715437862  -3.0458996
 0.569088773607  -2.99880602
 0.562462109352  -2.95988225
 0.555835445097  -2.93081945
 0.549208780842  -2.91386511
 0.542582116587  -2.90779155
 0.542582116587  -2.90779185
 0.531104394505  -2.92433262
 0.519626680662  -2.97394493
 0.50814895858  -3.05039262
 0.49667123989  -3.14626213
 0.485193522654  -3.25558189
 0.473715803964  -3.37310193
 0.462238081882  -3.49435554
 0.450760368039  -3.6196346
 0.439282645957  -3.74491281
 0.427804927267  -3.86506649
 0.416327205185  -3.97774455
 0.404849491342  -4.07674843
 0.39337176926  -4.08333134
 0.38189405057  -4.05213206
 0.370416333334  -4.00923276
 0.358938614644  -3.9668349
 0.347460892562  -3.92883825
 0.335983178719  -3.90342968
 0.324505456637  -3.88558012
 0.324505456637  -3.88558016
 0.320679553153  -3.89012113
 0.3168536424  -3.89416455
 0.313027738916  -3.89774472
 0.309201831071  -3.90089444
 0.305375927587  -3.90364184
 0.301550016834  -3.90603724
 0.29772411335  -3.90810647
 0.293898205505  -3.90987854
 0.290072302021  -3.91085583
 0.286246391268  -3.91215121
 0.282420487785  -3.91323345
 0.278594579939  -3.91412985
 0.274768676456  -3.91486128
 0.270942765703  -3.91544731
 0.267116862219  -3.91590355
 0.263290954374  -3.91613445
 0.25946505089  -3.9163728
 0.255639140137  -3.91651303
 0.251813236653  -3.91655984
 0.251813236653  -3.91655981
 0.238559908143  -3.92479563
 0.225306579633  -3.94869899
 0.212053251123  -3.9857832
 0.198799922613  -4.03299812
 0.185546594103  -4.08616852
 0.172293265593  -4.13374161
 0.159039937083  -4.16306608
 0.145786608573  -4.15791052
 0.132533280063  -4.10372123
 0.11927995659  -4.00602224
 0.10602662808  -3.87054982
 0.0927732995697  -3.71367855
 0.0795199710598  -3.55378311
 0.0662666425498  -3.39538718
 0.0530133140399  -3.24524043
 0.0397599855299  -3.11114444
 0.0265066570199  -3.00544953
 0.01325332851  -2.93257203
 0.0  -2.90779038
 0.0  -2.06937414
 0.01325332851  -2.0547079
 0.0265066570199  -2.02679793
 0.0397599855299  -2.0051761
 0.0530133140399  -1.99542318
 0.0662666425498  -1.99582857
 0.0795199710598  -2.00468647
 0.0927732995697  -2.02142634
 0.10602662808  -2.04632661
 0.11927995659  -2.08016636
 0.132533280063  -2.12379378
 0.145786608573  -2.17768089
 0.159039937083  -2.24194578
 0.172293265593  -2.31670714
 0.185546594103  -2.4002157
 0.198799922613  -2.48919857
 0.212053251123  -2.57971299
 0.225306579633  -2.66223744
 0.238559908143  -2.72304767
 0.251813236653  -2.74600238
 0.251813236653  -2.74600238
 0.255639140137  -2.74565423
 0.25946505089  -2.74461124
 0.263290954374  -2.74287573
 0.267116862219  -2.74048376
 0.270942765703  -2.73745434
 0.274768676456  -2.73366868
 0.278594579939  -2.72921322
 0.282420487785  -2.72409691
 0.286246391268  -2.71833102
 0.290072302021  -2.71191913
 0.293898205505  -2.70487973
 0.29772411335  -2.6972655
 0.301550016834  -2.68900981
 0.305375927587  -2.68020319
 0.309201831071  -2.67086329
 0.313027738916  -2.66095831
 0.3168536424  -2.65053379
 0.320679553153  -2.63961326
 0.324505456637  -2.62821338
 0.324505456637  -2.62821339
 0.335983178719  -2.594672
 0.347460892562  -2.53370129
 0.358938614644  -2.45758453
 0.370416333334  -2.37634027
 0.38189405057  -2.29807251
 0.39337176926  -2.2263198
 0.404849491342  -2.16334083
 0.416327205185  -2.10997791
 0.427804927267  -2.06621333
 0.439282645957  -2.03196805
 0.450760368039  -2.00680585
 0.462238081882  -1.99092085
 0.473715803964  -1.98322847
 0.485193522654  -1.98397217
 0.49667123989  -1.99329873
 0.50814895858  -2.0125831
 0.519626680662  -2.04104707
 0.531104394505  -2.06158663
 0.542582116587  -2.06937414
 0.542582116587  -2.06937414
 0.549208780842  -2.06884503
 0.555835445097  -2.06714485
 0.562462109352  -2.06470508
 0.569088773607  -2.06166526
 0.575715437862  -2.05792551
 0.582342102117  -2.05367671
 0.588968766372  -2.04930697
 0.595595430627  -2.04470159
 0.602222094882  -2.04022102
 0.608848756619  -2.0357924
 0.615475420874  -2.03153425
 0.622102085129  -2.02755268
 0.628728749384  -2.02388811
 0.635355413639  -2.02055322
 0.641982077894  -2.01779388
 0.648608742149  -2.01558157
 0.655235406404  -2.01396632
 0.661862070659  -2.01296819
 0.668488734914  -2.0127176
 0.668488734914  -2.0127176
 0.679310028216  -2.01115772
 0.690131329743  -2.00644201
 0.700952623045  -1.99767893
 0.711773924571  -1.9838574
 0.722595217873  -1.97516733
 0.7334165194  -1.97747394
 0.744237812702  -1.98210324
 0.755059114228  -1.98769044
 0.76588040753  -1.99321868
 0.776701709057  -1.99784769
 0.787523002359  -2.00064236
 0.798344303885  -2.00125178
 0.809165597188  -1.99882929
 0.819986898714  -1.99262963
 0.830808192016  -1.98224199
 0.841629493543  -1.96698467
 0.852450786845  -1.94658275
 0.863272088371  -1.92062972
 0.874093381673  -1.88946733
 0.874093381673  -1.88946733
 0.88072004341  -1.90105999
 0.887346710183  -1.93098868
 0.89397337192  -1.97172662
 0.900600038693  -2.01884578
 0.90722670043  -2.07008891
 0.913853367203  -2.12448292
 0.92048002894  -2.18107737
 0.927106695713  -2.23963918
 0.93373335745  -2.29932715
 0.940360024223  -2.35930274
 0.94698668596  -2.4193156
 0.953613352733  -2.47887517
 0.96024001447  -2.53652076
 0.966866681243  -2.59104487
 0.97349334298  -2.64089336
 0.980120009753  -2.68385837
 0.98674667149  -2.71726729
 0.993373338263  -2.73862172
 1.0  -2.74600238
 1.0  -1.44356376
 0.993373338263  -1.44377136
 0.98674667149  -1.44452674
 0.980120009753  -1.44576671
 0.97349334298  -1.44772362
 0.966866681243  -1.45073635
 0.96024001447  -1.45492139
 0.953613352733  -1.46094392
 0.94698668596  -1.46914534
 0.940360024223  -1.48019249
 0.93373335745  -1.4942513
 0.927106695713  -1.51146035
 0.92048002894  -1.53210713
 0.913853367203  -1.55570849
 0.90722670043  -1.5819788
 0.900600038693  -1.61053547
 0.89397337192  -1.63943051
 0.887346710183  -1.66737754
 0.88072004341  -1.6896933
 0.874093381673  -1.69875137
 0.874093381673  -1.69875137
 0.863272088371  -1.73327498
 0.852450786845  -1.7654949
 0.841629493543  -1.79373534
 0.830808192016  -1.81689734
 0.819986898714  -1.83380107
 0.809165597188  -1.84414796
 0.798344303885  -1.849729
 0.787523002359  -1.85355943
 0.776701709057  -1.85972271
 0.76588040753  -1.87186082
 0.755059114228  -1.89105722
 0.744237812702  -1.91540673
 0.7334165194  -1.94122452
 0.722595217873  -1.96470425
 0.711773924571  -1.97678194
 0.700952623045  -1.98366179
 0.690131329743  -1.99541552
 0.679310028216  -2.00751123
 0.668488734914  -2.0127176
 0.668488734914  -2.0127176
 0.661862070659  -2.01296793
 0.655235406404  -2.0139662
 0.648608742149  -2.01558156
 0.641982077894  -2.01779388
 0.635355413639  -2.02055322
 0.628728749384  -2.02388811
 0.622102085129  -2.02755268
 0.615475420874  -2.03153425
 0.608848756619  -2.0357924
 0.602222094882  -2.04022102
 0.595595430627  -2.04470159
 0.588968766372  -2.04930697
 0.582342102117  -2.05367671
 0.575715437862  -2.05792551
 0.569088773607  -2.06166526
 0.562462109352  -2.06470508
 0.555835445097  -2.06714485
 0.549208780842  -2.06884503
 0.542582116587  -2.06937414
 0.542582116587  -2.06937414
 0.531104394505  -2.05900434
 0.519626680662  -2.03557851
 0.50814895858  -2.01130417
 0.49667123989  -1.98009163
 0.485193522654  -1.94542543
 0.473715803964  -1.90937685
 0.462238081882  -1.8719055
 0.450760368039  -1.83296746
 0.439282645957  -1.79316048
 0.427804927267  -1.75223844
 0.416327205185  -1.71094367
 0.404849491342  -1.66971507
 0.39337176926  -1.63003499
 0.38189405057  -1.59251366
 0.370416333334  -1.5583807
 0.358938614644  -1.52889733
 0.347460892562  -1.50464159
 0.335983178719  -1.48661937
 0.324505456637  -1.47361022
 0.324505456637  -1.47361022
 0.320679553153  -1.47065954
 0.3168536424  -1.46784464
 0.313027738916  -1.46516891
 0.309201831071  -1.46263707
 0.305375927587  -1.46019692
 0.301550016834  -1.45796145
 0.29772411335  -1.45592433
 0.293898205505  -1.45399662
 0.290072302021  -1.45222483
 0.286246391268  -1.45068694
 0.282420487785  -1.44924374
 0.278594579939  -1.44796646
 0.274768676456  -1.44685564
 0.270942765703  -1.44591344
 0.267116862219  -1.44514137
 0.263290954374  -1.44433011
 0.25946505089  -1.44390322
 0.255639140137  -1.44364745
 0.251813236653  -1.44356376
 0.251813236653  -1.44356376
 0.238559908143  -1.44455143
 0.225306579633  -1.44815126
 0.212053251123  -1.45514864
 0.198799922613  -1.46679138
 0.185546594103  -1.4845917
 0.172293265593  -1.50856782
 0.159039937083  -1.53821115
 0.145786608573  -1.57373501
 0.132533280063  -1.61396225
 0.11927995659  -1.65774567
 0.10602662808  -1.70439016
 0.0927732995697  -1.75319993
 0.0795199710598  -1.80387666
 0.0662666425498  -1.85629551
 0.0530133140399  -1.91011798
 0.0397599855299  -1.96441536
 0.0265066570199  -2.01525794
 0.01325332851  -2.05414173
 0.0  -2.06937414
 0.0  -1.87387111
 0.01325332851  -1.86516094
 0.0265066570199  -1.84036357
 0.0397599855299  -1.80351122
 0.0530133140399  -1.76141866
 0.0662666425498  -1.71827411
 0.0795199710598  -1.67523586
 0.0927732995697  -1.632346
 0.10602662808  -1.58951843
 0.11927995659  -1.54634024
 0.132533280063  -1.50347199
 0.145786608573  -1.4616889
 0.159039937083  -1.42104715
 0.172293265593  -1.38382758
 0.185546594103  -1.3497848
 0.198799922613  -1.32024349
 0.212053251123  -1.2970962
 0.225306579633  -1.27997675
 0.238559908143  -1.2695366
 0.251813236653  -1.26606254
 0.251813236653  -1.26606254
 0.255639140137  -1.26626052
 0.25946505089  -1.26685279
 0.263290954374  -1.26782972
 0.267116862219  -1.26938026
 0.270942765703  -1.27108247
 0.274768676456  -1.27309532
 0.278594579939  -1.27539251
 0.282420487785  -1.27793323
 0.286246391268  -1.28067318
 0.290072302021  -1.28339557
 0.293898205505  -1.28629353
 0.29772411335  -1.2892943
 0.301550016834  -1.29224406
 0.305375927587  -1.29508105
 0.309201831071  -1.29794937
 0.313027738916  -1.30033429
 0.3168536424  -1.3023731
 0.320679553153  -1.30398307
 0.324505456637  -1.30509369
 0.324505456637  -1.30509369
 0.335983178719  -1.33075941
 0.347460892562  -1.35892382
 0.358938614644  -1.38812957
 0.370416333334  -1.4172613
 0.38189405057  -1.44637248
 0.39337176926  -1.47510049
 0.404849491342  -1.50356952
 0.416327205185  -1.53277487
 0.427804927267  -1.56262927
 0.439282645957  -1.59368929
 0.450760368039  -1.62628609
 0.462238081882  -1.66168251
 0.473715803964  -1.69923422
 0.485193522654  -1.73910712
 0.49667123989  -1.77900946
 0.50814895858  -1.81619964
 0.519626680662  -1.8466391
 0.531104394505  -1.86672436
 0.542582116587  -1.87387111
 0.542582116587  -1.87387111
 0.549208780842  -1.87097578
 0.555835445097  -1.86267768
 0.562462109352  -1.85124871
 0.569088773607  -1.83843717
 0.575715437862  -1.8257592
 0.582342102117  -1.81408562
 0.588968766372  -1.8040613
 0.595595430627  -1.79572973
 0.602222094882  -1.78956491
 0.608848756619  -1.78444184
 0.615475420874  -1.78060009
 0.622102085129  -1.77781064
 0.628728749384  -1.77578944
 0.635355413639  -1.77355829
 0.641982077894  -1.7726414
 0.648608742149  -1.77205076
 0.655235406404  -1.77169081
 0.661862070659  -1.77089926
 0.668488734914  -1.77108393
 0.668488734914  -1.77108393
 0.679310028216  -1.7623206
 0.690131329743  -1.73532904
 0.700952623045  -1.68876728
 0.711773924571  -1.62625391
 0.722595217873  -1.55425332
 0.7334165194  -1.4814869
 0.744237812702  -1.41499707
 0.755059114228  -1.35998172
 0.76588040753  -1.31939163
 0.776701709057  -1.29366258
 0.787523002359  -1.2811376
 0.798344303885  -1.27809449
 0.809165597188  -1.28100765
 0.819986898714  -1.28696859
 0.830808192016  -1.29482901
 0.841629493543  -1.30359163
 0.852450786845  -1.31366517
 0.863272088371  -1.32468644
 0.874093381673  -1.33752028
 0.874093381673  -1.33752028
 0.88072004341  -1.33739454
 0.887346710183  -1.33696414
 0.89397337192  -1.33629038
 0.900600038693  -1.33526103
 0.90722670043  -1.33349811
 0.913853367203  -1.33128334
 0.92048002894  -1.32817398
 0.927106695713  -1.32407444
 0.93373335745  -1.31899919
 0.940360024223  -1.31280834
 0.94698668596  -1.30586636
 0.953613352733  -1.29850405
 0.96024001447  -1.29116091
 0.966866681243  -1.28429913
 0.97349334298  -1.27809888
 0.980120009753  -1.2730324
 0.98674667149  -1.26924864
 0.993373338263  -1.26684079
 1.0  -1.26606254
 1.0  -0.39902191
 0.993373338263  -0.39788683
 0.98674667149  -0.39533731
 0.980120009753  -0.38995645
 0.97349334298  -0.38263595
 0.966866681243  -0.37385571
 0.96024001447  -0.36319847
 0.953613352733  -0.35215158
 0.94698668596  -0.34110886
 0.940360024223  -0.33089932
 0.93373335745  -0.32206857
 0.927106695713  -0.31419583
 0.92048002894  -0.3084947
 0.913853367203  -0.30487393
 0.90722670043  -0.30268832
 0.900600038693  -0.30166059
 0.89397337192  -0.30138955
 0.887346710183  -0.3012674
 0.88072004341  -0.30102959
 0.874093381673  -0.30108379
 0.874093381673  -0.30108376
 0.863272088371  -0.33654831
 0.852450786845  -0.38686785
 0.841629493543  -0.4508035
 0.830808192016  -0.52347325
 0.819986898714  -0.60093323
 0.809165597188  -0.67784354
 0.798344303885  -0.74597367
 0.787523002359  -0.79761808
 0.776701709057  -0.82428215
 0.76588040753  -0.81867704
 0.755059114228  -0.77903933
 0.744237812702  -0.70663807
 0.7334165194  -0.60885363
 0.722595217873  -0.49345297
 0.711773924571  -0.37112597
 0.700952623045  -0.25275467
 0.690131329743  -0.15342585
 0.679310028216  -0.08562555
 0.668488734914  -0.06199994
 0.668488734914  -0.06199994
 0.661862070659  -0.06577422
 0.655235406404  -0.07890698
 0.648608742149  -0.10040185
 0.641982077894  -0.1297378
 0.635355413639  -0.1662032
 0.628728749384  -0.20906483
 0.622102085129  -0.25707985
 0.615475420874  -0.30908386
 0.608848756619  -0.36426507
 0.602222094882  -0.42182224
 0.595595430627  -0.47895499
 0.588968766372  -0.53461166
 0.582342102117  -0.58898021
 0.575715437862  -0.63870152
 0.569088773607  -0.6818016
 0.562462109352  -0.71704051
 0.555835445097  -0.74358829
 0.549208780842  -0.76003365
 0.542582116587  -0.76560159
 0.542582116587  -0.76560159
 0.531104394505  -0.75665181
 0.519626680662  -0.73121239
 0.50814895858  -0.69406905
 0.49667123989  -0.65023097
 0.485193522654  -0.60362635
 0.473715803964  -0.55680835
 0.462238081882  -0.51021314
 0.450760368039  -0.46792363
 0.439282645957  -0.43191335
 0.427804927267  -0.40253087
 0.416327205185  -0.38234122
 0.404849491342  -0.37150924
 0.39337176926  -0.37025182
 0.38189405057  -0.37582616
 0.370416333334  -0.38618344
 0.358938614644  -0.41506105
 0.347460892562  -0.45046282
 0.335983178719  -0.46859215
 0.324505456637  -0.46775509
 0.324505456637  -0.46775508
 0.320679553153  -0.46131675
 0.3168536424  -0.45511395
 0.313027738916  -0.44916549
 0.309201831071  -0.44348906
 0.305375927587  -0.43799639
 0.301550016834  -0.4329148
 0.29772411335  -0.42840713
 0.293898205505  -0.4234967
 0.290072302021  -0.41946055
 0.286246391268  -0.41582168
 0.282420487785  -0.41246427
 0.278594579939  -0.40948026
 0.274768676456  -0.40687704
 0.270942765703  -0.40466106
 0.267116862219  -0.40283794
 0.263290954374  -0.40084147
 0.25946505089  -0.39983145
 0.255639140137  -0.39922444
 0.251813236653  -0.3990219
 0.251813236653  -0.39902191
 0.238559908143  -0.39261707
 0.225306579633  -0.37422812
 0.212053251123  -0.34460656
 0.198799922613  -0.30728597
 0.185546594103  -0.26562141
 0.172293265593  -0.22448631
 0.159039937083  -0.18968814
 0.145786608573  -0.16845416
 0.132533280063  -0.16498259
 0.11927995659  -0.18548374
 0.10602662808  -0.23248272
 0.0927732995697  -0.29524647
 0.0795199710598  -0.37142901
 0.0662666425498  -0.4574499
 0.0530133140399  -0.54670566
 0.0397599855299  -0.63217061
 0.0265066570199  -0.70334996
 0.01325332851  -0.74991472
 0.0  -0.76560159
 0.0  -0.76560159
 0.01325332851  -0.74962987
 0.0265066570199  -0.70321217
 0.0397599855299  -0.63202532
 0.0530133140399  -0.5447584
 0.0662666425498  -0.45188728
 0.0795199710598  -0.36260926
 0.0927732995697  -0.28408669
 0.10602662808  -0.22262319
 0.11927995659  -0.18214522
 0.132533280063  -0.15591425
 0.145786608573  -0.14153947
 0.159039937083  -0.14009107
 0.172293265593  -0.14905858
 0.185546594103  -0.16406202
 0.198799922613  -0.18120834
 0.212053251123  -0.19730179
 0.225306579633  -0.21052276
 0.238559908143  -0.21881066
 0.251813236653  -0.2218197
 0.251813236653  -0.22181968
 0.255639140137  -0.22214692
 0.25946505089  -0.2231353
 0.263290954374  -0.22481022
 0.267116862219  -0.22840412
 0.270942765703  -0.23175105
 0.274768676456  -0.23580394
 0.278594579939  -0.2407897
 0.282420487785  -0.24679169
 0.286246391268  -0.2539038
 0.290072302021  -0.26211058
 0.293898205505  -0.27134854
 0.29772411335  -0.28236971
 0.301550016834  -0.29465328
 0.305375927587  -0.30864896
 0.309201831071  -0.32452962
 0.313027738916  -0.34168094
 0.3168536424  -0.36042854
 0.320679553153  -0.38059264
 0.324505456637  -0.4024732
 0.324505456637  -0.40247325
 0.335983178719  -0.40853895
 0.347460892562  -0.406228
 0.358938614644  -0.3979008
 0.370416333334  -0.36631412
 0.38189405057  -0.31088653
 0.39337176926  -0.25541815
 0.404849491342  -0.2067528
 0.416327205185  -0.17385833
 0.427804927267  -0.16126977
 0.439282645957  -0.1727716
 0.450760368039  -0.20916578
 0.462238081882  -0.26902043
 0.473715803964  -0.34802567
 0.485193522654  -0.43908548
 0.49667123989  -0.53487243
 0.50814895858  -0.6255871
 0.519626680662  -0.69990208
 0.531104394505  -0.74855487
 0.542582116587  -0.76560158
 0.542582116587  -0.76560159
 0.549208780842  -0.76003365
 0.555835445097  -0.74358829
 0.562462109352  -0.71704051
 0.569088773607  -0.6818016
 0.575715437862  -0.63870152
 0.582342102117  -0.58898021
 0.588968766372  -0.53461166
 0.595595430627  -0.47895499
 0.602222094882  -0.42182224
 0.608848756619  -0.36426506
 0.615475420874  -0.30908386
 0.622102085129  -0.25707979
 0.628728749384  -0.20906481
 0.635355413639  -0.16620307
 0.641982077894  -0.12973779
 0.648608742149  -0.10040173
 0.655235406404  -0.07890594
 0.661862070659  -0.06577275
 0.668488734914  -0.06199993
 0.668488734914  -0.06199994
 0.679310028216  -0.06783953
 0.690131329743  -0.08479143
 0.700952623045  -0.11258993
 0.711773924571  -0.1477555
 0.722595217873  -0.18717524
 0.7334165194  -0.22543147
 0.744237812702  -0.26005332
 0.755059114228  -0.28578424
 0.76588040753  -0.30022608
 0.776701709057  -0.3034317
 0.787523002359  -0.29571092
 0.798344303885  -0.28129912
 0.809165597188  -0.26218547
 0.819986898714  -0.24146094
 0.830808192016  -0.22167544
 0.841629493543  -0.2036026
 0.852450786845  -0.18852405
 0.863272088371  -0.17737554
 0.874093381673  -0.1702896
 0.874093381673  -0.17028961
 0.88072004341  -0.17130275
 0.887346710183  -0.17455948
 0.89397337192  -0.17949031
 0.900600038693  -0.18586317
 0.90722670043  -0.19323153
 0.913853367203  -0.20143956
 0.92048002894  -0.20877696
 0.927106695713  -0.21509106
 0.93373335745  -0.22012188
 0.940360024223  -0.22311947
 0.94698668596  -0.22479138
 0.953613352733  -0.22550211
 0.96024001447  -0.2255978
 0.966866681243  -0.22506594
 0.97349334298  -0.22419954
 0.980120009753  -0.22351955
 0.98674667149  -0.22273316
 0.993373338263  -0.22194556
 1.0  -0.2218197
 1.0  1.41657526
 0.993373338263  1.41848064
 0.98674667149  1.42401954
 0.980120009753  1.43343813
 0.97349334298  1.44664006
 0.966866681243  1.46321957
 0.96024001447  1.48367775
 0.953613352733  1.50756914
 0.94698668596  1.53467663
 0.940360024223  1.56483959
 0.93373335745  1.59782233
 0.927106695713  1.63392632
 0.92048002894  1.67242186
 0.913853367203  1.71299541
 0.90722670043  1.75546037
 0.900600038693  1.79933016
 0.89397337192  1.84455922
 0.887346710183  1.89025557
 0.88072004341  1.93465044
 0.874093381673  1.96308955
 0.874093381673  1.9630896
 0.863272088371  1.93257859
 0.852450786845  1.90657467
 0.841629493543  1.88529964
 0.830808192016  1.86844568
 0.819986898714  1.85627029
 0.809165597188  1.84868076
 0.798344303885  1.84532933
 0.787523002359  1.84547349
 0.776701709057  1.8487261
 0.76588040753  1.83910129
 0.755059114228  1.81703038
 0.744237812702  1.79223355
 0.7334165194  1.76430275
 0.722595217873  1.73244704
 0.711773924571  1.69659146
 0.700952623045  1.6578689
 0.690131329743  1.62029078
 0.679310028216  1.59213443
 0.668488734914  1.58145796
 0.668488734914  1.58145798
 0.661862070659  1.58372245
 0.655235406404  1.58955589
 0.648608742149  1.59989715
 0.641982077894  1.61401635
 0.635355413639  1.63146816
 0.628728749384  1.65067327
 0.622102085129  1.67205348
 0.615475420874  1.69209411
 0.608848756619  1.70108871
 0.602222094882  1.66060776
 0.595595430627  1.54695625
 0.588968766372  1.41292511
 0.582342102117  1.28165724
 0.575715437862  1.16096069
 0.569088773607  1.05683523
 0.562462109352  0.97218734
 0.555835445097  0.90921933
 0.549208780842  0.86977825
 0.542582116587  0.85669478
 0.542582116587  0.85669478
 0.531104394505  0.89552271
 0.519626680662  1.00652165
 0.50814895858  1.17985615
 0.49667123989  1.39726347
 0.485193522654  1.62828501
 0.473715803964  1.69677691
 0.462238081882  1.6525199
 0.450760368039  1.60970515
 0.439282645957  1.57432917
 0.427804927267  1.54848116
 0.416327205185  1.53196228
 0.404849491342  1.52362499
 0.39337176926  1.52127087
 0.38189405057  1.52246591
 0.370416333334  1.52456046
 0.358938614644  1.52354428
 0.347460892562  1.51723205
 0.335983178719  1.50184097
 0.324505456637  1.47610156
 0.324505456637  1.47610196
 0.320679553153  1.47006178
 0.3168536424  1.4643392
 0.313027738916  1.45891676
 0.309201831071  1.45380727
 0.305375927587  1.44907995
 0.301550016834  1.44460124
 0.29772411335  1.44037561
 0.293898205505  1.43667014
 0.290072302021  1.43309102
 0.286246391268  1.42990281
 0.282420487785  1.42704554
 0.278594579939  1.42452008
 0.274768676456  1.42232833
 0.270942765703  1.42047173
 0.267116862219  1.41920362
 0.263290954374  1.41810547
 0.25946505089  1.41725615
 0.255639140137  1.41674614
 0.251813236653  1.41657526
 0.251813236653  1.41657526
 0.238559908143  1.41306407
 0.225306579633  1.40289233
 0.212053251123  1.38878515
 0.198799922613  1.37378535
 0.185546594103  1.36063767
 0.172293265593  1.35451072
 0.159039937083  1.35867193
 0.145786608573  1.37465127
 0.132533280063  1.40418017
 0.11927995659  1.44649089
 0.10602662808  1.49985267
 0.0927732995697  1.56166479
 0.0795199710598  1.62785558
 0.0662666425498  1.67854597
 0.0530133140399  1.5240891
 0.0397599855299  1.26869804
 0.0265066570199  1.05101412
 0.01325332851  0.90770096
 0.0  0.85669478
 0.0  1.95541426
 0.01325332851  1.9451549
 0.0265066570199  1.91097887
 0.0397599855299  1.85945925
 0.0530133140399  1.80191398
 0.0662666425498  1.83846832
 0.0795199710598  1.98549578
 0.0927732995697  2.06490091
 0.10602662808  2.12582917
 0.11927995659  2.18482996
 0.132533280063  2.24516536
 0.145786608573  2.30753606
 0.159039937083  2.37206974
 0.172293265593  2.43737216
 0.185546594103  2.50255343
 0.198799922613  2.56501561
 0.212053251123  2.6203526
 0.225306579633  2.66511039
 0.238559908143  2.69442834
 0.251813236653  2.7046319
 0.251813236653  2.70463146
 0.255639140137  2.70369433
 0.25946505089  2.70089356
 0.263290954374  2.69626651
 0.267116862219  2.68962481
 0.270942765703  2.681542
 0.274768676456  2.67188058
 0.278594579939  2.66075169
 0.282420487785  2.64828647
 0.286246391268  2.63462218
 0.290072302021  2.62008335
 0.293898205505  2.60453117
 0.29772411335  2.58814672
 0.301550016834  2.5711521
 0.305375927587  2.55367894
 0.309201831071  2.53566924
 0.313027738916  2.51761813
 0.3168536424  2.49943969
 0.320679553153  2.48123301
 0.324505456637  2.46307142
 0.324505456637  2.46307139
 0.335983178719  2.41411766
 0.347460892562  2.36587024
 0.358938614644  2.32002969
 0.370416333334  2.27724018
 0.38189405057  2.23720804
 0.39337176926  2.19978249
 0.404849491342  2.16417845
 0.416327205185  2.13006934
 0.427804927267  2.0972078
 0.439282645957  2.06513223
 0.450760368039  2.03218477
 0.462238081882  1.9889242
 0.473715803964  1.88746996
 0.485193522654  1.78837034
 0.49667123989  1.83195356
 0.50814895858  1.88132688
 0.519626680662  1.92237429
 0.531104394505  1.94835182
 0.542582116587  1.95541426
 0.542582116587  1.95541426
 0.549208780842  1.9548188
 0.555835445097  1.9531465
 0.562462109352  1.94409998
 0.569088773607  1.92586186
 0.575715437862  1.90433102
 0.582342102117  1.88072756
 0.588968766372  1.85730345
 0.595595430627  1.83983101
 0.602222094882  1.84987608
 0.608848756619  1.90765112
 0.615475420874  1.90039421
 0.622102085129  1.89340654
 0.628728749384  1.88691783
 0.635355413639  1.88120583
 0.641982077894  1.87618726
 0.648608742149  1.87212961
 0.655235406404  1.86914577
 0.661862070659  1.86733775
 0.668488734914  1.86664314
 0.668488734914  1.86664313
 0.679310028216  1.86669968
 0.690131329743  1.86662958
 0.700952623045  1.86663088
 0.711773924571  1.86673387
 0.722595217873  1.8666819
 0.7334165194  1.86563747
 0.744237812702  1.86321844
 0.755059114228  1.8590566
 0.76588040753  1.85363991
 0.776701709057  1.85870888
 0.787523002359  1.87648238
 0.798344303885  1.89263992
 0.809165597188  1.90772547
 0.819986898714  1.92282406
 0.830808192016  1.93805299
 0.841629493543  1.9543644
 0.852450786845  1.97217663
 0.863272088371  1.99256418
 0.874093381673  2.01579626
 0.874093381673  2.0157964
 0.88072004341  2.04445162
 0.887346710183  2.08953685
 0.89397337192  2.13642765
 0.900600038693  2.18339515
 0.90722670043  2.23060222
 0.913853367203  2.27732098
 0.92048002894  2.32382968
 0.927106695713  2.37003638
 0.93373335745  2.41568568
 0.940360024223  2.46067991
 0.94698668596  2.50454495
 0.953613352733  2.54653874
 0.96024001447  2.58594779
 0.966866681243  2.62154833
 0.97349334298  2.65255832
 0.980120009753  2.677408
 0.98674667149  2.69441367
 0.993373338263  2.70265186
 1.0  2.70463061
 1.0  2.72259322
 0.993373338263  2.72042678
 0.98674667149  2.71616632
 0.980120009753  2.71322586
 0.97349334298  2.71130958
 0.966866681243  2.70955507
 0.96024001447  2.70790033
 0.953613352733  2.70623905
 0.94698668596  2.70451648
 0.940360024223  2.70267575
 0.93373335745  2.70082839
 0.927106695713  2.69919211
 0.92048002894  2.69747795
 0.913853367203  2.69595421
 0.90722670043  2.69465176
 0.900600038693  2.69338945
 0.89397337192  2.69256409
 0.887346710183  2.69196578
 0.88072004341  2.69155773
 0.874093381673  2.69143156
 0.874093381673  2.69142833
 0.863272088371  2.70863218
 0.852450786845  2.71096981
 0.841629493543  2.69910602
 0.830808192016  2.67294649
 0.819986898714  2.63363724
 0.809165597188  2.57623305
 0.798344303885  2.49724566
 0.787523002359  2.42965472
 0.776701709057  2.37665763
 0.76588040753  2.30505173
 0.755059114228  2.22902619
 0.744237812702  2.1544769
 0.7334165194  2.08395752
 0.722595217873  2.01981021
 0.711773924571  1.96454866
 0.700952623045  1.92111381
 0.690131329743  1.89045944
 0.679310028216  1.87253614
 0.668488734914  1.86664329
 0.668488734914  1.86664328
 0.661862070659  1.86734066
 0.655235406404  1.86914736
 0.648608742149  1.87213136
 0.641982077894  1.87618761
 0.635355413639  1.88120781
 0.628728749384  1.88692154
 0.622102085129  1.89340661
 0.615475420874  1.9003967
 0.608848756619  1.90774284
 0.602222094882  1.91499493
 0.595595430627  1.92227363
 0.588968766372  1.92899021
 0.582342102117  1.9354066
 0.575715437862  1.94105382
 0.569088773607  1.94597381
 0.562462109352  1.95023193
 0.555835445097  1.95317282
 0.549208780842  1.95486851
 0.542582116587  1.95552725
 0.542582116587  1.95544274
 0.531104394505  1.95869326
 0.519626680662  1.96767586
 0.50814895858  1.98238806
 0.49667123989  1.99815443
 0.485193522654  2.02515712
 0.473715803964  2.06238654
 0.462238081882  2.09855397
 0.450760368039  2.13839177
 0.439282645957  2.18023812
 0.427804927267  2.22376568
 0.416327205185  2.26792267
 0.404849491342  2.31251027
 0.39337176926  2.35680099
 0.38189405057  2.40112805
 0.370416333334  2.4450664
 0.358938614644  2.48801707
 0.347460892562  2.52949454
 0.335983178719  2.56820249
 0.324505456637  2.60379686
 0.324505456637  2.60379623
 0.320679553153  2.61529748
 0.3168536424  2.626294
 0.313027738916  2.63676863
 0.309201831071  2.64670974
 0.305375927587  2.65616704
 0.301550016834  2.66499998
 0.29772411335  2.67320146
 0.293898205505  2.68086469
 0.290072302021  2.68794964
 0.286246391268  2.69431357
 0.282420487785  2.70011557
 0.278594579939  2.7052705
 0.274768676456  2.70976541
 0.270942765703  2.71359128
 0.267116862219  2.71673383
 0.263290954374  2.7194328
 0.25946505089  2.72118797
 0.255639140137  2.72224319
 0.251813236653  2.72259415
 0.251813236653  2.72259333
 0.238559908143  2.71683334
 0.225306579633  2.69964165
 0.212053251123  2.67223913
 0.198799922613  2.63593772
 0.185546594103  2.59199722
 0.172293265593  2.54244671
 0.159039937083  2.48919045
 0.145786608573  2.43261307
 0.132533280063  2.37374326
 0.11927995659  2.31336992
 0.10602662808  2.25243361
 0.0927732995697  2.19260292
 0.0795199710598  2.13582649
 0.0662666425498  2.0840851
 0.0530133140399  2.03963416
 0.0397599855299  2.00336761
 0.0265066570199  1.97909344
 0.01325332851  1.96121566
 0.0  1.95555346
 0.0  1.96925136
 0.01325332851  1.97074523
 0.0265066570199  1.98290731
 0.0397599855299  2.0053603
 0.0530133140399  2.04741702
 0.0662666425498  2.12706809
 0.0795199710598  2.32836244
 0.0927732995697  2.63162957
 0.10602662808  2.99593248
 0.11927995659  3.03433732
 0.132533280063  3.05664484
 0.145786608573  3.13247687
 0.159039937083  3.18292409
 0.172293265593  3.25488053
 0.185546594103  3.32474484
 0.198799922613  3.38053848
 0.212053251123  3.42926374
 0.225306579633  3.46958654
 0.238559908143  3.50484281
 0.251813236653  3.50403814
 0.251813236653  3.50457872
 0.255639140137  3.50427126
 0.25946505089  3.50534366
 0.263290954374  3.50255248
 0.267116862219  3.48562536
 0.270942765703  3.46899601
 0.274768676456  3.43818423
 0.278594579939  3.40445959
 0.282420487785  3.3702284
 0.286246391268  3.33450993
 0.290072302021  3.29678787
 0.293898205505  3.25854672
 0.29772411335  3.21887114
 0.301550016834  3.17852862
 0.305375927587  3.13600345
 0.309201831071  3.09348954
 0.313027738916  3.05110937
 0.3168536424  3.00834135
 0.320679553153  2.96548713
 0.324505456637  2.92303439
 0.324505456637  2.92272359
 0.335983178719  2.87326226
 0.347460892562  2.8270149
 0.358938614644  2.78600024
 0.370416333334  2.75276952
 0.38189405057  2.72762228
 0.39337176926  2.71140117
 0.404849491342  2.704638
 0.416327205185  2.72140759
 0.427804927267  2.69057948
 0.439282645957  2.64762045
 0.450760368039  2.50564174
 0.462238081882  2.28026714
 0.473715803964  2.09440686
 0.485193522654  2.03063864
 0.49667123989  2.00461302
 0.50814895858  1.98292001
 0.519626680662  1.97236597
 0.531104394505  1.96850694
 0.542582116587  1.96878198
 0.542582116587  1.96986632
 0.549208780842  1.96602069
 0.555835445097  1.95774925
 0.562462109352  1.95033688
 0.569088773607  1.94609596
 0.575715437862  1.94110153
 0.582342102117  1.93545379
 0.588968766372  1.92903538
 0.595595430627  1.92248494
 0.602222094882  1.91501123
 0.608848756619  1.94191084
 0.615475420874  2.08797774
 0.622102085129  2.24841366
 0.628728749384  2.41716615
 0.635355413639  2.5889658
 0.641982077894  2.79095429
 0.648608742149  2.93615782
 0.655235406404  3.01195362
 0.661862070659  3.00644155
 0.668488734914  3.00675914
 0.668488734914  3.00338725
 0.679310028216  2.93305519
 0.690131329743  2.76759084
 0.700952623045  2.6379929
 0.711773924571  2.52634761
 0.722595217873  2.44305703
 0.7334165194  2.37728177
 0.744237812702  2.34041533
 0.755059114228  2.3292139
 0.76588040753  2.34244107
 0.776701709057  2.38078581
 0.787523002359  2.45356274
 0.798344303885  2.52171268
 0.809165597188  2.5823994
 0.819986898714  2.6634079
 0.830808192016  2.75395361
 0.841629493543  2.84427978
 0.852450786845  2.93109222
 0.863272088371  3.00909795
 0.874093381673  3.07562686
 0.874093381673  3.07565566
 0.88072004341  3.07731512
 0.887346710183  3.08212922
 0.89397337192  3.09047916
 0.900600038693  3.10246254
 0.90722670043  3.11809267
 0.913853367203  3.13753023
 0.92048002894  3.16023023
 0.927106695713  3.18589901
 0.93373335745  3.21452227
 0.940360024223  3.24607671
 0.94698668596  3.28011935
 0.953613352733  3.31527555
 0.96024001447  3.35248967
 0.966866681243  3.38763654
 0.97349334298  3.42508207
 0.980120009753  3.4551543
 0.98674667149  3.48177193
 0.993373338263  3.4990414
 1.0  3.51230194
 1.0  3.53295598
 0.993373338263  3.53024297
 0.98674667149  3.52130435
 0.980120009753  3.50928937
 0.97349334298  3.49771218
 0.966866681243  3.47696813
 0.96024001447  3.46039096
 0.953613352733  3.43433128
 0.94698668596  3.40977998
 0.940360024223  3.38312292
 0.93373335745  3.35569083
 0.927106695713  3.32831169
 0.92048002894  3.30123765
 0.913853367203  3.27519156
 0.90722670043  3.25136139
 0.900600038693  3.23000409
 0.89397337192  3.21219754
 0.887346710183  3.19879261
 0.88072004341  3.19051814
 0.874093381673  3.18763665
 0.874093381673  3.18761896
 0.863272088371  3.1677041
 0.852450786845  3.14918828
 0.841629493543  3.13234896
 0.830808192016  3.11783008
 0.819986898714  3.10607707
 0.809165597188  3.09667306
 0.798344303885  3.08944094
 0.787523002359  3.08394519
 0.776701709057  3.07906853
 0.76588040753  3.07498339
 0.755059114228  3.07019282
 0.744237812702  3.06492638
 0.7334165194  3.0780561
 0.722595217873  3.05560478
 0.711773924571  3.0443112
 0.700952623045  3.03040294
 0.690131329743  3.01907637
 0.679310028216  3.10365324
 0.668488734914  3.20434428
 0.668488734914  3.11247653
 0.661862070659  3.08870965
 0.655235406404  3.0189251
 0.648608742149  3.02623825
 0.641982077894  3.04029482
 0.635355413639  3.06416258
 0.628728749384  3.08324294
 0.622102085129  3.10832689
 0.615475420874  3.13578969
 0.608848756619  3.16243066
 0.602222094882  3.19346942
 0.595595430627  3.21669719
 0.588968766372  3.24305751
 0.582342102117  3.26607524
 0.575715437862  3.28648189
 0.569088773607  3.30353926
 0.562462109352  3.31868106
 0.555835445097  3.32843068
 0.549208780842  3.33488062
 0.542582116587  3.33742437
 0.542582116587  3.33677919
 0.531104394505  3.32501607
 0.519626680662  3.30032618
 0.50814895858  3.25465614
 0.49667123989  3.18691221
 0.485193522654  3.155117
 0.473715803964  3.11083107
 0.462238081882  3.07265114
 0.450760368039  3.06769434
 0.439282645957  3.08330633
 0.427804927267  3.09000306
 0.416327205185  3.09818106
 0.404849491342  3.14379015
 0.39337176926  3.21722489
 0.38189405057  3.25983162
 0.370416333334  3.31925691
 0.358938614644  3.37473719
 0.347460892562  3.41998391
 0.335983178719  3.45421835
 0.324505456637  3.46836223
 0.324505456637  3.46983965
 0.320679553153  3.47156556
 0.3168536424  3.47447382
 0.313027738916  3.4796875
 0.309201831071  3.48096022
 0.305375927587  3.48294743
 0.301550016834  3.48552639
 0.29772411335  3.48732475
 0.293898205505  3.4903779
 0.290072302021  3.49263735
 0.286246391268  3.4942704
 0.282420487785  3.50018484
 0.278594579939  3.50278452
 0.274768676456  3.50062984
 0.270942765703  3.50705467
 0.267116862219  3.50084468
 0.263290954374  3.50779837
 0.25946505089  3.52579615
 0.255639140137  3.54045756
 0.251813236653  3.53824381
 0.251813236653  3.53318781
 0.238559908143  3.58890486
 0.225306579633  3.49819977
 0.212053251123  3.45331726
 0.198799922613  3.39341032
 0.185546594103  3.35805392
 0.172293265593  3.26128293
 0.159039937083  3.19971711
 0.145786608573  3.20188896
 0.132533280063  3.11498004
 0.11927995659  3.16195376
 0.10602662808  3.0703946
 0.0927732995697  2.99499073
 0.0795199710598  3.01900993
 0.0662666425498  3.05136778
 0.0530133140399  3.21854656
 0.0397599855299  3.25484891
 0.0265066570199  3.26051829
 0.01325332851  3.31298028
 0.0  3.33682489
