# E(eV)    DOS      Integrated DOS
-21.358214 0.000000 0.000000
-21.268214 0.000000 0.000000
-21.178214 0.000000 0.000000
-21.089214 0.000000 0.000000
-20.999214 0.000000 0.000000
-20.909214 0.000000 0.000000
-20.820214 0.000000 0.000000
-20.730214 0.000000 0.000000
-20.640214 0.000000 0.000000
-20.551214 0.000000 0.000000
-20.461214 0.000000 0.000000
-20.371214 0.000000 0.000000
-20.281214 0.000000 0.000000
-20.192214 0.000000 0.000000
-20.102214 0.000000 0.000000
-20.012214 0.000000 0.000000
-19.923214 0.000000 0.000000
-19.833214 0.000000 0.000000
-19.743214 0.000000 0.000000
-19.654214 0.000000 0.000000
-19.564214 0.000000 0.000000
-19.474214 0.000000 0.000000
-19.385214 0.000000 0.000000
-19.295214 0.163100 0.004281
-19.205214 0.273500 0.023870
-19.115214 0.402100 0.054240
-19.026214 0.519300 0.095400
-18.936214 0.694400 0.149300
-18.846214 0.808100 0.216500
-18.757214 1.090000 0.302500
-18.667214 1.450000 0.415100
-18.577214 2.108000 0.571300
-18.488214 3.311000 0.806900
-18.398214 7.934000 1.294000
-18.308214 0.000000 2.000000
-18.219214 0.000000 2.000000
-18.129214 0.000000 2.000000
-18.039214 0.000000 2.000000
-17.949214 0.000000 2.000000
-17.860214 0.000000 2.000000
-17.770214 0.000000 2.000000
-17.680214 0.000000 2.000000
-17.591214 0.000000 2.000000
-17.501214 0.000000 2.000000
-17.411214 0.000000 2.000000
-17.322214 0.000000 2.000000
-17.232214 0.000000 2.000000
-17.142214 0.000000 2.000000
-17.053214 0.000000 2.000000
-16.963214 0.000000 2.000000
-16.873214 0.000000 2.000000
-16.783214 0.000000 2.000000
-16.694214 0.000000 2.000000
-16.604214 0.000000 2.000000
-16.514214 0.000000 2.000000
-16.425214 0.000000 2.000000
-16.335214 0.000000 2.000000
-16.245214 0.000000 2.000000
-16.156214 0.000000 2.000000
-16.066214 0.000000 2.000000
-15.976214 0.000000 2.000000
-15.887214 0.000000 2.000000
-15.797214 0.000000 2.000000
-15.707214 0.000000 2.000000
-15.617214 0.000000 2.000000
-15.528214 0.000000 2.000000
-15.438214 0.000000 2.000000
-15.348214 0.000000 2.000000
-15.259214 0.000000 2.000000
-15.169214 0.000000 2.000000
-15.079214 0.000000 2.000000
-14.990214 0.000000 2.000000
-14.900214 0.000000 2.000000
-14.810214 0.000000 2.000000
-14.721214 0.000000 2.000000
-14.631214 0.000000 2.000000
-14.541214 0.000000 2.000000
-14.451214 0.000000 2.000000
-14.362214 0.000000 2.000000
-14.272214 0.000000 2.000000
-14.182214 0.000000 2.000000
-14.093214 0.000000 2.000000
-14.003214 0.000000 2.000000
-13.913214 0.000000 2.000000
-13.824214 0.000000 2.000000
-13.734214 0.000000 2.000000
-13.644214 0.000000 2.000000
-13.555214 0.000000 2.000000
-13.465214 0.000000 2.000000
-13.375214 0.000000 2.000000
-13.285214 0.000000 2.000000
-13.196214 0.000000 2.000000
-13.106214 0.000000 2.000000
-13.016214 0.000000 2.000000
-12.927214 0.000000 2.000000
-12.837214 0.000000 2.000000
-12.747214 0.000000 2.000000
-12.658214 0.000000 2.000000
-12.568214 0.000000 2.000000
-12.478214 0.000000 2.000000
-12.389214 0.000000 2.000000
-12.299214 0.000000 2.000000
-12.209214 0.000000 2.000000
-12.119214 0.000000 2.000000
-12.030214 0.000000 2.000000
-11.940214 0.000000 2.000000
-11.850214 0.000000 2.000000
-11.761214 0.000000 2.000000
-11.671214 0.000000 2.000000
-11.581214 0.000000 2.000000
-11.492214 0.000000 2.000000
-11.402214 0.000000 2.000000
-11.312214 0.000000 2.000000
-11.223214 0.000000 2.000000
-11.133214 0.000000 2.000000
-11.043214 0.000000 2.000000
-10.953214 0.000000 2.000000
-10.864214 0.000000 2.000000
-10.774214 0.000000 2.000000
-10.684214 0.000000 2.000000
-10.595214 0.000000 2.000000
-10.505214 0.000000 2.000000
-10.415214 0.000000 2.000000
-10.326214 0.000000 2.000000
-10.236214 0.000000 2.000000
-10.146214 0.000000 2.000000
-10.057214 0.000000 2.000000
-9.967214 0.000000 2.000000
-9.877214 0.000000 2.000000
-9.787214 0.000000 2.000000
-9.698214 0.000000 2.000000
-9.608214 0.000000 2.000000
-9.518214 0.000000 2.000000
-9.429214 0.000000 2.000000
-9.339214 0.000000 2.000000
-9.249214 0.000000 2.000000
-9.160214 0.000000 2.000000
-9.070214 0.000000 2.000000
-8.980214 0.000000 2.000000
-8.891214 0.000000 2.000000
-8.801214 0.000000 2.000000
-8.711214 0.000000 2.000000
-8.621214 0.000000 2.000000
-8.532214 0.000000 2.000000
-8.442214 0.000000 2.000000
-8.352214 0.000000 2.000000
-8.263214 0.000000 2.000000
-8.173214 0.000000 2.000000
-8.083214 0.000000 2.000000
-7.994214 0.000000 2.000000
-7.904214 0.000000 2.000000
-7.814214 0.000000 2.000000
-7.725214 0.000000 2.000000
-7.635214 0.000000 2.000000
-7.545214 0.000000 2.000000
-7.455214 0.000000 2.000000
-7.366214 0.000000 2.000000
-7.276214 0.000000 2.000000
-7.186214 0.000000 2.000000
-7.097214 0.124200 2.004000
-7.007214 0.317200 2.025000
-6.917214 0.395400 2.057000
-6.828214 0.498400 2.097000
-6.738214 0.617100 2.147000
-6.648214 0.751900 2.208000
-6.559214 0.934300 2.283000
-6.469214 1.289000 2.381000
-6.379214 1.818000 2.518000
-6.289214 2.415000 2.702000
-6.200214 1.650000 2.889000
-6.110214 3.039000 3.077000
-6.020214 2.152000 3.289000
-5.931214 1.798000 3.462000
-5.841214 1.413000 3.605000
-5.751214 0.886500 3.707000
-5.662214 0.532800 3.771000
-5.572214 0.358300 3.807000
-5.482214 0.796300 3.860000
-5.393214 1.138000 3.946000
-5.303214 1.847000 4.073000
-5.213214 1.748000 4.229000
-5.123214 2.006000 4.400000
-5.034214 2.272000 4.596000
-4.944214 2.606000 4.817000
-4.854214 4.852000 5.121000
-4.765214 5.064000 5.648000
-4.675214 3.261000 5.999000
-4.585214 2.533000 6.263000
-4.496214 1.856000 6.452000
-4.406214 1.993000 6.627000
-4.316214 2.032000 6.807000
-4.227214 1.912000 6.981000
-4.137214 1.930000 7.155000
-4.047214 1.894000 7.324000
-3.957214 1.955000 7.501000
-3.868214 1.191000 7.639000
-3.778214 0.935200 7.732000
-3.688214 0.659300 7.802000
-3.599214 0.511000 7.854000
-3.509214 0.400900 7.895000
-3.419214 0.310400 7.927000
-3.330214 0.244600 7.952000
-3.240214 0.182500 7.971000
-3.150214 0.149800 7.985000
-3.061214 0.072480 7.995000
-2.971214 0.020580 7.999000
-2.881214 0.000000 8.000000
-2.791214 0.000000 8.000000
-2.702214 0.000000 8.000000
-2.612214 0.087030 8.003000
-2.522214 0.213300 8.017000
-2.433214 0.380100 8.043000
-2.343214 0.578200 8.085000
-2.253214 0.898600 8.150000
-2.164214 1.378000 8.254000
-2.074214 2.002000 8.404000
-1.984214 3.225000 8.651000
-1.895214 1.640000 8.849000
-1.805214 1.587000 8.992000
-1.715214 1.985000 9.149000
-1.625214 1.777000 9.319000
-1.536214 2.973000 9.524000
-1.446214 5.216000 9.887000
-1.356214 3.205000 10.300000
-1.267214 5.654000 10.790000
-1.177214 0.000000 11.000000
-1.087214 0.000000 11.000000
-0.998214 0.000000 11.000000
-0.908214 0.000000 11.000000
-0.818214 0.000000 11.000000
-0.729214 0.634900 11.010000
-0.639214 1.118000 11.090000
-0.549214 2.024000 11.230000
-0.459214 2.416000 11.430000
-0.370214 3.678000 11.690000
-0.280214 5.973000 12.120000
-0.190214 7.681000 12.730000
-0.101214 0.144400 13.000000
-0.011214 0.000000 13.000000
0.078786 0.000000 13.000000
0.167786 0.000000 13.000000
0.257786 0.000000 13.000000
0.347786 0.000000 13.000000
0.436786 0.000000 13.000000
0.526786 0.000000 13.000000
0.616786 0.000000 13.000000
0.706786 0.000000 13.000000
0.795786 0.000000 13.000000
0.885786 0.000000 13.000000
0.975786 0.001147 13.000000
1.064786 0.004164 13.000000
1.154786 0.082440 13.000000
1.244786 0.353000 13.020000
1.333786 0.634000 13.070000
1.423786 0.972200 13.140000
1.513786 1.446000 13.250000
1.602786 1.605000 13.380000
1.692786 2.180000 13.550000
1.782786 2.683000 13.780000
1.872786 0.814300 13.920000
1.961786 1.681000 14.050000
2.051786 2.473000 14.280000
2.141786 1.802000 14.470000
2.230786 2.134000 14.690000
2.320786 2.181000 14.890000
2.410786 2.306000 15.090000
2.499786 2.343000 15.300000
2.589786 3.234000 15.610000
2.679786 4.444000 15.910000
2.768786 0.672500 16.330000
2.858786 0.860700 16.390000
2.948786 1.201000 16.490000
3.038786 1.330000 16.600000
3.127786 4.453000 16.820000
3.217786 3.098000 17.170000
3.307786 3.470000 17.500000
3.396786 2.475000 17.770000
3.486786 1.712000 17.940000
3.576786 0.000000 18.000000
3.665786 0.000000 18.000000
3.755786 0.000000 18.000000
3.845786 0.000000 18.000000
3.934786 0.000000 18.000000
4.024786 0.000000 18.000000
4.114786 0.000000 18.000000
4.204786 0.000000 18.000000
4.293786 0.000000 18.000000
4.383786 0.000000 18.000000
4.473786 0.000000 18.000000
4.562786 0.000000 18.000000
4.652786 0.000000 18.000000
4.742786 0.000000 18.000000
4.831786 0.000000 18.000000
4.921786 0.000000 18.000000
5.011786 0.000000 18.000000
5.100786 0.000000 18.000000
5.190786 0.000000 18.000000
5.280786 0.000000 18.000000
5.370786 0.000000 18.000000
5.459786 0.000000 18.000000
5.549786 0.000000 18.000000
