# E(eV)    s        py       pz       px       dxy      dyz      dz2      dxz      dx2-y2      Total
-21.358214 0.000000 0.000000 0.000000 0.000000 0.000000 0.000000 0.000000 0.000000 0.000000 0.000000
-21.268214 0.000000 0.000000 0.000000 0.000000 0.000000 0.000000 0.000000 0.000000 0.000000 0.000000
-21.178214 0.000000 0.000000 0.000000 0.000000 0.000000 0.000000 0.000000 0.000000 0.000000 0.000000
-21.089214 0.000000 0.000000 0.000000 0.000000 0.000000 0.000000 0.000000 0.000000 0.000000 0.000000
-20.999214 0.000000 0.000000 0.000000 0.000000 0.000000 0.000000 0.000000 0.000000 0.000000 0.000000
-20.909214 0.000000 0.000000 0.000000 0.000000 0.000000 0.000000 0.000000 0.000000 0.000000 0.000000
-20.820214 0.000000 0.000000 0.000000 0.000000 0.000000 0.000000 0.000000 0.000000 0.000000 0.000000
-20.730214 0.000000 0.000000 0.000000 0.000000 0.000000 0.000000 0.000000 0.000000 0.000000 0.000000
-20.640214 0.000000 0.000000 0.000000 0.000000 0.000000 0.000000 0.000000 0.000000 0.000000 0.000000
-20.551214 0.000000 0.000000 0.000000 0.000000 0.000000 0.000000 0.000000 0.000000 0.000000 0.000000
-20.461214 0.000000 0.000000 0.000000 0.000000 0.000000 0.000000 0.000000 0.000000 0.000000 0.000000
-20.371214 0.000000 0.000000 0.000000 0.000000 0.000000 0.000000 0.000000 0.000000 0.000000 0.000000
-20.281214 0.000000 0.000000 0.000000 0.000000 0.000000 0.000000 0.000000 0.000000 0.000000 0.000000
-20.192214 0.000000 0.000000 0.000000 0.000000 0.000000 0.000000 0.000000 0.000000 0.000000 0.000000
-20.102214 0.000000 0.000000 0.000000 0.000000 0.000000 0.000000 0.000000 0.000000 0.000000 0.000000
-20.012214 0.000000 0.000000 0.000000 0.000000 0.000000 0.000000 0.000000 0.000000 0.000000 0.000000
-19.923214 0.000000 0.000000 0.000000 0.000000 0.000000 0.000000 0.000000 0.000000 0.000000 0.000000
-19.833214 0.000000 0.000000 0.000000 0.000000 0.000000 0.000000 0.000000 0.000000 0.000000 0.000000
-19.743214 0.000000 0.000000 0.000000 0.000000 0.000000 0.000000 0.000000 0.000000 0.000000 0.000000
-19.654214 0.000000 0.000000 0.000000 0.000000 0.000000 0.000000 0.000000 0.000000 0.000000 0.000000
-19.564214 0.000000 0.000000 0.000000 0.000000 0.000000 0.000000 0.000000 0.000000 0.000000 0.000000
-19.474214 0.000000 0.000000 0.000000 0.000000 0.000000 0.000000 0.000000 0.000000 0.000000 0.000000
-19.385214 0.000000 0.000000 0.000000 0.000000 0.000000 0.000000 0.000000 0.000000 0.000000 0.000000
-19.295214 0.004145 0.000029 0.000018 0.000087 0.000000 0.000000 0.000001 0.000000 0.000002 0.004283
-19.205214 0.006169 0.000156 0.000065 0.000354 0.000000 0.000000 0.000012 0.000000 0.000021 0.006777
-19.115214 0.008218 0.000325 0.000134 0.000736 0.000000 0.000000 0.000040 0.000000 0.000064 0.009519
-19.026214 0.009117 0.000618 0.000264 0.001239 0.000001 0.000000 0.000104 0.000001 0.000168 0.011511
-18.936214 0.010210 0.000991 0.000504 0.002017 0.000002 0.000001 0.000223 0.000001 0.000382 0.014331
-18.846214 0.009777 0.001422 0.000623 0.002614 0.000003 0.000001 0.000509 0.000001 0.000673 0.015624
-18.757214 0.012000 0.001994 0.001336 0.003188 0.000004 0.000002 0.000865 0.000002 0.001251 0.020643
-18.667214 0.012750 0.002852 0.002563 0.003924 0.000005 0.000004 0.001776 0.000003 0.002026 0.025903
-18.577214 0.013110 0.004601 0.004762 0.004959 0.000006 0.000007 0.004184 0.000004 0.003459 0.035092
-18.488214 0.013330 0.007403 0.008167 0.006562 0.000006 0.000010 0.010370 0.000005 0.006160 0.052013
-18.398214 0.010910 0.019270 0.019830 0.016890 0.000007 0.000015 0.034980 0.000006 0.012180 0.114088
-18.308214 0.000000 0.000000 0.000000 0.000000 0.000000 0.000000 0.000000 0.000000 0.000000 0.000000
-18.219214 0.000000 0.000000 0.000000 0.000000 0.000000 0.000000 0.000000 0.000000 0.000000 0.000000
-18.129214 0.000000 0.000000 0.000000 0.000000 0.000000 0.000000 0.000000 0.000000 0.000000 0.000000
-18.039214 0.000000 0.000000 0.000000 0.000000 0.000000 0.000000 0.000000 0.000000 0.000000 0.000000
-17.949214 0.000000 0.000000 0.000000 0.000000 0.000000 0.000000 0.000000 0.000000 0.000000 0.000000
-17.860214 0.000000 0.000000 0.000000 0.000000 0.000000 0.000000 0.000000 0.000000 0.000000 0.000000
-17.770214 0.000000 0.000000 0.000000 0.000000 0.000000 0.000000 0.000000 0.000000 0.000000 0.000000
-17.680214 0.000000 0.000000 0.000000 0.000000 0.000000 0.000000 0.000000 0.000000 0.000000 0.000000
-17.591214 0.000000 0.000000 0.000000 0.000000 0.000000 0.000000 0.000000 0.000000 0.000000 0.000000
-17.501214 0.000000 0.000000 0.000000 0.000000 0.000000 0.000000 0.000000 0.000000 0.000000 0.000000
-17.411214 0.000000 0.000000 0.000000 0.000000 0.000000 0.000000 0.000000 0.000000 0.000000 0.000000
-17.322214 0.000000 0.000000 0.000000 0.000000 0.000000 0.000000 0.000000 0.000000 0.000000 0.000000
-17.232214 0.000000 0.000000 0.000000 0.000000 0.000000 0.000000 0.000000 0.000000 0.000000 0.000000
-17.142214 0.000000 0.000000 0.000000 0.000000 0.000000 0.000000 0.000000 0.000000 0.000000 0.000000
-17.053214 0.000000 0.000000 0.000000 0.000000 0.000000 0.000000 0.000000 0.000000 0.000000 0.000000
-16.963214 0.000000 0.000000 0.000000 0.000000 0.000000 0.000000 0.000000 0.000000 0.000000 0.000000
-16.873214 0.000000 0.000000 0.000000 0.000000 0.000000 0.000000 0.000000 0.000000 0.000000 0.000000
-16.783214 0.000000 0.000000 0.000000 0.000000 0.000000 0.000000 0.000000 0.000000 0.000000 0.000000
-16.694214 0.000000 0.000000 0.000000 0.000000 0.000000 0.000000 0.000000 0.000000 0.000000 0.000000
-16.604214 0.000000 0.000000 0.000000 0.000000 0.000000 0.000000 0.000000 0.000000 0.000000 0.000000
-16.514214 0.000000 0.000000 0.000000 0.000000 0.000000 0.000000 0.000000 0.000000 0.000000 0.000000
-16.425214 0.000000 0.000000 0.000000 0.000000 0.000000 0.000000 0.000000 0.000000 0.000000 0.000000
-16.335214 0.000000 0.000000 0.000000 0.000000 0.000000 0.000000 0.000000 0.000000 0.000000 0.000000
-16.245214 0.000000 0.000000 0.000000 0.000000 0.000000 0.000000 0.000000 0.000000 0.000000 0.000000
-16.156214 0.000000 0.000000 0.000000 0.000000 0.000000 0.000000 0.000000 0.000000 0.000000 0.000000
-16.066214 0.000000 0.000000 0.000000 0.000000 0.000000 0.000000 0.000000 0.000000 0.000000 0.000000
-15.976214 0.000000 0.000000 0.000000 0.000000 0.000000 0.000000 0.000000 0.000000 0.000000 0.000000
-15.887214 0.000000 0.000000 0.000000 0.000000 0.000000 0.000000 0.000000 0.000000 0.000000 0.000000
-15.797214 0.000000 0.000000 0.000000 0.000000 0.000000 0.000000 0.000000 0.000000 0.000000 0.000000
-15.707214 0.000000 0.000000 0.000000 0.000000 0.000000 0.000000 0.000000 0.000000 0.000000 0.000000
-15.617214 0.000000 0.000000 0.000000 0.000000 0.000000 0.000000 0.000000 0.000000 0.000000 0.000000
-15.528214 0.000000 0.000000 0.000000 0.000000 0.000000 0.000000 0.000000 0.000000 0.000000 0.000000
-15.438214 0.000000 0.000000 0.000000 0.000000 0.000000 0.000000 0.000000 0.000000 0.000000 0.000000
-15.348214 0.000000 0.000000 0.000000 0.000000 0.000000 0.000000 0.000000 0.000000 0.000000 0.000000
-15.259214 0.000000 0.000000 0.000000 0.000000 0.000000 0.000000 0.000000 0.000000 0.000000 0.000000
-15.169214 0.000000 0.000000 0.000000 0.000000 0.000000 0.000000 0.000000 0.000000 0.000000 0.000000
-15.079214 0.000000 0.000000 0.000000 0.000000 0.000000 0.000000 0.000000 0.000000 0.000000 0.000000
-14.990214 0.000000 0.000000 0.000000 0.000000 0.000000 0.000000 0.000000 0.000000 0.000000 0.000000
-14.900214 0.000000 0.000000 0.000000 0.000000 0.000000 0.000000 0.000000 0.000000 0.000000 0.000000
-14.810214 0.000000 0.000000 0.000000 0.000000 0.000000 0.000000 0.000000 0.000000 0.000000 0.000000
-14.721214 0.000000 0.000000 0.000000 0.000000 0.000000 0.000000 0.000000 0.000000 0.000000 0.000000
-14.631214 0.000000 0.000000 0.000000 0.000000 0.000000 0.000000 0.000000 0.000000 0.000000 0.000000
-14.541214 0.000000 0.000000 0.000000 0.000000 0.000000 0.000000 0.000000 0.000000 0.000000 0.000000
-14.451214 0.000000 0.000000 0.000000 0.000000 0.000000 0.000000 0.000000 0.000000 0.000000 0.000000
-14.362214 0.000000 0.000000 0.000000 0.000000 0.000000 0.000000 0.000000 0.000000 0.000000 0.000000
-14.272214 0.000000 0.000000 0.000000 0.000000 0.000000 0.000000 0.000000 0.000000 0.000000 0.000000
-14.182214 0.000000 0.000000 0.000000 0.000000 0.000000 0.000000 0.000000 0.000000 0.000000 0.000000
-14.093214 0.000000 0.000000 0.000000 0.000000 0.000000 0.000000 0.000000 0.000000 0.000000 0.000000
-14.003214 0.000000 0.000000 0.000000 0.000000 0.000000 0.000000 0.000000 0.000000 0.000000 0.000000
-13.913214 0.000000 0.000000 0.000000 0.000000 0.000000 0.000000 0.000000 0.000000 0.000000 0.000000
-13.824214 0.000000 0.000000 0.000000 0.000000 0.000000 0.000000 0.000000 0.000000 0.000000 0.000000
-13.734214 0.000000 0.000000 0.000000 0.000000 0.000000 0.000000 0.000000 0.000000 0.000000 0.000000
-13.644214 0.000000 0.000000 0.000000 0.000000 0.000000 0.000000 0.000000 0.000000 0.000000 0.000000
-13.555214 0.000000 0.000000 0.000000 0.000000 0.000000 0.000000 0.000000 0.000000 0.000000 0.000000
-13.465214 0.000000 0.000000 0.000000 0.000000 0.000000 0.000000 0.000000 0.000000 0.000000 0.000000
-13.375214 0.000000 0.000000 0.000000 0.000000 0.000000 0.000000 0.000000 0.000000 0.000000 0.000000
-13.285214 0.000000 0.000000 0.000000 0.000000 0.000000 0.000000 0.000000 0.000000 0.000000 0.000000
-13.196214 0.000000 0.000000 0.000000 0.000000 0.000000 0.000000 0.000000 0.000000 0.000000 0.000000
-13.106214 0.000000 0.000000 0.000000 0.000000 0.000000 0.000000 0.000000 0.000000 0.000000 0.000000
-13.016214 0.000000 0.000000 0.000000 0.000000 0.000000 0.000000 0.000000 0.000000 0.000000 0.000000
-12.927214 0.000000 0.000000 0.000000 0.000000 0.000000 0.000000 0.000000 0.000000 0.000000 0.000000
-12.837214 0.000000 0.000000 0.000000 0.000000 0.000000 0.000000 0.000000 0.000000 0.000000 0.000000
-12.747214 0.000000 0.000000 0.000000 0.000000 0.000000 0.000000 0.000000 0.000000 0.000000 0.000000
-12.658214 0.000000 0.000000 0.000000 0.000000 0.000000 0.000000 0.000000 0.000000 0.000000 0.000000
-12.568214 0.000000 0.000000 0.000000 0.000000 0.000000 0.000000 0.000000 0.000000 0.000000 0.000000
-12.478214 0.000000 0.000000 0.000000 0.000000 0.000000 0.000000 0.000000 0.000000 0.000000 0.000000
-12.389214 0.000000 0.000000 0.000000 0.000000 0.000000 0.000000 0.000000 0.000000 0.000000 0.000000
-12.299214 0.000000 0.000000 0.000000 0.000000 0.000000 0.000000 0.000000 0.000000 0.000000 0.000000
-12.209214 0.000000 0.000000 0.000000 0.000000 0.000000 0.000000 0.000000 0.000000 0.000000 0.000000
-12.119214 0.000000 0.000000 0.000000 0.000000 0.000000 0.000000 0.000000 0.000000 0.000000 0.000000
-12.030214 0.000000 0.000000 0.000000 0.000000 0.000000 0.000000 0.000000 0.000000 0.000000 0.000000
-11.940214 0.000000 0.000000 0.000000 0.000000 0.000000 0.000000 0.000000 0.000000 0.000000 0.000000
-11.850214 0.000000 0.000000 0.000000 0.000000 0.000000 0.000000 0.000000 0.000000 0.000000 0.000000
-11.761214 0.000000 0.000000 0.000000 0.000000 0.000000 0.000000 0.000000 0.000000 0.000000 0.000000
-11.671214 0.000000 0.000000 0.000000 0.000000 0.000000 0.000000 0.000000 0.000000 0.000000 0.000000
-11.581214 0.000000 0.000000 0.000000 0.000000 0.000000 0.000000 0.000000 0.000000 0.000000 0.000000
-11.492214 0.000000 0.000000 0.000000 0.000000 0.000000 0.000000 0.000000 0.000000 0.000000 0.000000
-11.402214 0.000000 0.000000 0.000000 0.000000 0.000000 0.000000 0.000000 0.000000 0.000000 0.000000
-11.312214 0.000000 0.000000 0.000000 0.000000 0.000000 0.000000 0.000000 0.000000 0.000000 0.000000
-11.223214 0.000000 0.000000 0.000000 0.000000 0.000000 0.000000 0.000000 0.000000 0.000000 0.000000
-11.133214 0.000000 0.000000 0.000000 0.000000 0.000000 0.000000 0.000000 0.000000 0.000000 0.000000
-11.043214 0.000000 0.000000 0.000000 0.000000 0.000000 0.000000 0.000000 0.000000 0.000000 0.000000
-10.953214 0.000000 0.000000 0.000000 0.000000 0.000000 0.000000 0.000000 0.000000 0.000000 0.000000
-10.864214 0.000000 0.000000 0.000000 0.000000 0.000000 0.000000 0.000000 0.000000 0.000000 0.000000
-10.774214 0.000000 0.000000 0.000000 0.000000 0.000000 0.000000 0.000000 0.000000 0.000000 0.000000
-10.684214 0.000000 0.000000 0.000000 0.000000 0.000000 0.000000 0.000000 0.000000 0.000000 0.000000
-10.595214 0.000000 0.000000 0.000000 0.000000 0.000000 0.000000 0.000000 0.000000 0.000000 0.000000
-10.505214 0.000000 0.000000 0.000000 0.000000 0.000000 0.000000 0.000000 0.000000 0.000000 0.000000
-10.415214 0.000000 0.000000 0.000000 0.000000 0.000000 0.000000 0.000000 0.000000 0.000000 0.000000
-10.326214 0.000000 0.000000 0.000000 0.000000 0.000000 0.000000 0.000000 0.000000 0.000000 0.000000
-10.236214 0.000000 0.000000 0.000000 0.000000 0.000000 0.000000 0.000000 0.000000 0.000000 0.000000
-10.146214 0.000000 0.000000 0.000000 0.000000 0.000000 0.000000 0.000000 0.000000 0.000000 0.000000
-10.057214 0.000000 0.000000 0.000000 0.000000 0.000000 0.000000 0.000000 0.000000 0.000000 0.000000
-9.967214 0.000000 0.000000 0.000000 0.000000 0.000000 0.000000 0.000000 0.000000 0.000000 0.000000
-9.877214 0.000000 0.000000 0.000000 0.000000 0.000000 0.000000 0.000000 0.000000 0.000000 0.000000
-9.787214 0.000000 0.000000 0.000000 0.000000 0.000000 0.000000 0.000000 0.000000 0.000000 0.000000
-9.698214 0.000000 0.000000 0.000000 0.000000 0.000000 0.000000 0.000000 0.000000 0.000000 0.000000
-9.608214 0.000000 0.000000 0.000000 0.000000 0.000000 0.000000 0.000000 0.000000 0.000000 0.000000
-9.518214 0.000000 0.000000 0.000000 0.000000 0.000000 0.000000 0.000000 0.000000 0.000000 0.000000
-9.429214 0.000000 0.000000 0.000000 0.000000 0.000000 0.000000 0.000000 0.000000 0.000000 0.000000
-9.339214 0.000000 0.000000 0.000000 0.000000 0.000000 0.000000 0.000000 0.000000 0.000000 0.000000
-9.249214 0.000000 0.000000 0.000000 0.000000 0.000000 0.000000 0.000000 0.000000 0.000000 0.000000
-9.160214 0.000000 0.000000 0.000000 0.000000 0.000000 0.000000 0.000000 0.000000 0.000000 0.000000
-9.070214 0.000000 0.000000 0.000000 0.000000 0.000000 0.000000 0.000000 0.000000 0.000000 0.000000
-8.980214 0.000000 0.000000 0.000000 0.000000 0.000000 0.000000 0.000000 0.000000 0.000000 0.000000
-8.891214 0.000000 0.000000 0.000000 0.000000 0.000000 0.000000 0.000000 0.000000 0.000000 0.000000
-8.801214 0.000000 0.000000 0.000000 0.000000 0.000000 0.000000 0.000000 0.000000 0.000000 0.000000
-8.711214 0.000000 0.000000 0.000000 0.000000 0.000000 0.000000 0.000000 0.000000 0.000000 0.000000
-8.621214 0.000000 0.000000 0.000000 0.000000 0.000000 0.000000 0.000000 0.000000 0.000000 0.000000
-8.532214 0.000000 0.000000 0.000000 0.000000 0.000000 0.000000 0.000000 0.000000 0.000000 0.000000
-8.442214 0.000000 0.000000 0.000000 0.000000 0.000000 0.000000 0.000000 0.000000 0.000000 0.000000
-8.352214 0.000000 0.000000 0.000000 0.000000 0.000000 0.000000 0.000000 0.000000 0.000000 0.000000
-8.263214 0.000000 0.000000 0.000000 0.000000 0.000000 0.000000 0.000000 0.000000 0.000000 0.000000
-8.173214 0.000000 0.000000 0.000000 0.000000 0.000000 0.000000 0.000000 0.000000 0.000000 0.000000
-8.083214 0.000000 0.000000 0.000000 0.000000 0.000000 0.000000 0.000000 0.000000 0.000000 0.000000
-7.994214 0.000000 0.000000 0.000000 0.000000 0.000000 0.000000 0.000000 0.000000 0.000000 0.000000
-7.904214 0.000000 0.000000 0.000000 0.000000 0.000000 0.000000 0.000000 0.000000 0.000000 0.000000
-7.814214 0.000000 0.000000 0.000000 0.000000 0.000000 0.000000 0.000000 0.000000 0.000000 0.000000
-7.725214 0.000000 0.000000 0.000000 0.000000 0.000000 0.000000 0.000000 0.000000 0.000000 0.000000
-7.635214 0.000000 0.000000 0.000000 0.000000 0.000000 0.000000 0.000000 0.000000 0.000000 0.000000
-7.545214 0.000000 0.000000 0.000000 0.000000 0.000000 0.000000 0.000000 0.000000 0.000000 0.000000
-7.455214 0.000000 0.000000 0.000000 0.000000 0.000000 0.000000 0.000000 0.000000 0.000000 0.000000
-7.366214 0.000000 0.000000 0.000000 0.000000 0.000000 0.000000 0.000000 0.000000 0.000000 0.000000
-7.276214 0.000000 0.000000 0.000000 0.000000 0.000000 0.000000 0.000000 0.000000 0.000000 0.000000
-7.186214 0.000000 0.000000 0.000000 0.000000 0.000000 0.000000 0.000000 0.000000 0.000000 0.000000
-7.097214 0.006752 0.000040 0.000058 0.000102 0.001044 0.001185 0.000010 0.001137 0.000012 0.010339
-7.007214 0.016790 0.000152 0.000232 0.000389 0.002603 0.003009 0.000059 0.002817 0.000055 0.026106
-6.917214 0.019870 0.000294 0.000455 0.000798 0.003094 0.003654 0.000167 0.003302 0.000189 0.031825
-6.828214 0.023880 0.000432 0.000775 0.001366 0.003813 0.004464 0.000357 0.003848 0.000394 0.039329
-6.738214 0.028480 0.000584 0.001195 0.001941 0.004625 0.005393 0.000643 0.004435 0.000665 0.047961
-6.648214 0.032590 0.000879 0.001823 0.002939 0.005426 0.006260 0.001197 0.004904 0.001065 0.057083
-6.559214 0.038130 0.001250 0.002784 0.004412 0.006376 0.007116 0.002032 0.005449 0.001791 0.069340
-6.469214 0.048780 0.002380 0.004557 0.006895 0.007940 0.009118 0.003703 0.006326 0.003368 0.093067
-6.379214 0.065270 0.004922 0.006734 0.008762 0.010700 0.012210 0.007661 0.006866 0.006210 0.129335
-6.289214 0.083810 0.009639 0.008900 0.009274 0.014030 0.015640 0.012430 0.008337 0.009557 0.171617
-6.200214 0.053440 0.002881 0.010050 0.007033 0.006485 0.010430 0.011220 0.005346 0.008358 0.115243
-6.110214 0.082280 0.002002 0.033670 0.028820 0.008854 0.010400 0.018700 0.011420 0.017840 0.213986
-6.020214 0.040900 0.001906 0.045910 0.014250 0.004475 0.006350 0.008474 0.007736 0.008917 0.138918
-5.931214 0.033260 0.003264 0.030910 0.014010 0.004843 0.005446 0.006030 0.008415 0.007513 0.113691
-5.841214 0.026730 0.004420 0.013020 0.016090 0.004136 0.004525 0.004919 0.007857 0.006407 0.088104
-5.751214 0.018210 0.002754 0.002715 0.013030 0.002107 0.002778 0.003432 0.005464 0.004759 0.055249
-5.662214 0.012530 0.001342 0.000844 0.005959 0.001553 0.001390 0.002498 0.002847 0.003549 0.032512
-5.572214 0.009806 0.000472 0.000877 0.001708 0.001449 0.000762 0.002006 0.001262 0.003022 0.021364
-5.482214 0.010260 0.004780 0.005075 0.007583 0.003198 0.002685 0.003001 0.002470 0.003487 0.042539
-5.393214 0.010160 0.010460 0.006842 0.010900 0.004511 0.004639 0.003914 0.003417 0.004493 0.059336
-5.303214 0.010210 0.017300 0.013100 0.018710 0.007907 0.006682 0.007112 0.005037 0.007362 0.093420
-5.213214 0.009638 0.011170 0.013300 0.017520 0.009224 0.007275 0.010290 0.006670 0.009220 0.094307
-5.123214 0.008811 0.011440 0.011970 0.018640 0.010730 0.008508 0.017540 0.008137 0.014270 0.110046
-5.034214 0.009274 0.011210 0.009116 0.019310 0.011780 0.009230 0.027930 0.007955 0.021690 0.127495
-4.944214 0.009076 0.010850 0.006635 0.015440 0.009814 0.010060 0.044760 0.007452 0.035200 0.149287
-4.854214 0.012430 0.015270 0.011430 0.014720 0.010530 0.013390 0.094280 0.012700 0.094370 0.279120
-4.765214 0.010280 0.017830 0.011260 0.011870 0.009337 0.014430 0.104400 0.012050 0.105600 0.297057
-4.675214 0.007175 0.011900 0.006388 0.008790 0.008370 0.012860 0.059350 0.008103 0.067180 0.190116
-4.585214 0.006281 0.009668 0.005045 0.007816 0.009308 0.011300 0.041980 0.006559 0.050620 0.148577
-4.496214 0.006668 0.007782 0.003473 0.006795 0.010490 0.008239 0.037520 0.005883 0.040780 0.127630
-4.406214 0.007884 0.008627 0.003711 0.007753 0.013060 0.007811 0.042520 0.006955 0.041640 0.139961
-4.316214 0.005934 0.009141 0.004165 0.007868 0.012230 0.007287 0.047100 0.007312 0.042570 0.143607
-4.227214 0.004588 0.009042 0.004182 0.006599 0.009342 0.006234 0.045330 0.007228 0.043390 0.135935
-4.137214 0.004276 0.009401 0.004692 0.006782 0.008930 0.005937 0.040910 0.007963 0.044710 0.133601
-4.047214 0.004058 0.009817 0.005253 0.007103 0.009320 0.006734 0.033840 0.009311 0.040690 0.126126
-3.957214 0.003088 0.010050 0.007319 0.007066 0.008646 0.008047 0.026270 0.012400 0.043290 0.126176
-3.868214 0.001875 0.004834 0.005763 0.001563 0.006232 0.005021 0.018160 0.008171 0.026380 0.077999
-3.778214 0.001318 0.003280 0.004669 0.000633 0.005307 0.003497 0.015970 0.006642 0.019450 0.060766
-3.688214 0.001000 0.002143 0.003169 0.000377 0.003549 0.002598 0.009749 0.004371 0.012870 0.039825
-3.599214 0.000702 0.001627 0.002488 0.000264 0.002611 0.002003 0.006610 0.003253 0.008608 0.028166
-3.509214 0.000469 0.001215 0.001892 0.000194 0.001900 0.001360 0.004740 0.002373 0.006395 0.020538
-3.419214 0.000321 0.000912 0.001419 0.000151 0.001316 0.000945 0.003325 0.001613 0.004634 0.014635
-3.330214 0.000211 0.000717 0.001107 0.000136 0.000960 0.000694 0.002391 0.001142 0.003322 0.010680
-3.240214 0.000128 0.000518 0.000787 0.000129 0.000578 0.000477 0.001525 0.000703 0.002449 0.007294
-3.150214 0.000072 0.000475 0.000604 0.000142 0.000374 0.000250 0.001054 0.000435 0.001476 0.004881
-3.061214 0.000030 0.000224 0.000246 0.000112 0.000130 0.000085 0.000468 0.000131 0.000650 0.002075
-2.971214 0.000007 0.000063 0.000067 0.000035 0.000029 0.000025 0.000129 0.000030 0.000178 0.000563
-2.881214 0.000000 0.000000 0.000000 0.000000 0.000000 0.000000 0.000000 0.000000 0.000000 0.000000
-2.791214 0.000000 0.000000 0.000000 0.000000 0.000000 0.000000 0.000000 0.000000 0.000000 0.000000
-2.702214 0.000000 0.000000 0.000000 0.000000 0.000000 0.000000 0.000000 0.000000 0.000000 0.000000
-2.612214 0.000103 0.000027 0.000000 0.000022 0.004260 0.000013 0.000178 0.000019 0.000000 0.004623
-2.522214 0.000240 0.000083 0.000004 0.000049 0.008469 0.000972 0.000406 0.000053 0.000041 0.010317
-2.433214 0.000393 0.000162 0.000013 0.000081 0.010900 0.004050 0.000616 0.000101 0.000168 0.016483
-2.343214 0.000580 0.000253 0.000030 0.000109 0.010470 0.008008 0.000892 0.000176 0.000369 0.020886
-2.253214 0.000790 0.000354 0.000052 0.000122 0.009627 0.012000 0.001365 0.000288 0.000704 0.025302
-2.164214 0.000993 0.000432 0.000088 0.000152 0.009756 0.014410 0.001995 0.000590 0.001337 0.029753
-2.074214 0.001331 0.000468 0.000168 0.000227 0.010380 0.019300 0.002688 0.001368 0.002343 0.038274
-1.984214 0.001664 0.000561 0.000309 0.000313 0.008747 0.023870 0.003186 0.003558 0.003407 0.045616
-1.895214 0.001054 0.000490 0.000247 0.000218 0.004251 0.005317 0.003489 0.002847 0.003305 0.021218
-1.805214 0.001218 0.000561 0.000336 0.000295 0.003387 0.003675 0.002895 0.002989 0.004560 0.019916
-1.715214 0.005020 0.000479 0.000327 0.000295 0.006347 0.006638 0.003015 0.003716 0.007259 0.033096
-1.625214 0.006203 0.000468 0.000362 0.000225 0.005517 0.005260 0.002613 0.003425 0.006687 0.030760
-1.536214 0.009760 0.001011 0.000947 0.000590 0.006981 0.005308 0.005681 0.003694 0.008217 0.042189
-1.446214 0.010780 0.001423 0.002079 0.001710 0.006831 0.006054 0.010710 0.003882 0.008042 0.051511
-1.356214 0.008342 0.000539 0.001165 0.001754 0.003088 0.002347 0.005745 0.001638 0.003941 0.028559
-1.267214 0.010540 0.001184 0.001713 0.003147 0.005476 0.003039 0.010360 0.000792 0.003083 0.039334
-1.177214 0.000000 0.000000 0.000000 0.000000 0.000000 0.000000 0.000000 0.000000 0.000000 0.000000
-1.087214 0.000000 0.000000 0.000000 0.000000 0.000000 0.000000 0.000000 0.000000 0.000000 0.000000
-0.998214 0.000000 0.000000 0.000000 0.000000 0.000000 0.000000 0.000000 0.000000 0.000000 0.000000
-0.908214 0.000000 0.000000 0.000000 0.000000 0.000000 0.000000 0.000000 0.000000 0.000000 0.000000
-0.818214 0.000000 0.000000 0.000000 0.000000 0.000000 0.000000 0.000000 0.000000 0.000000 0.000000
-0.729214 0.015220 0.000112 0.000675 0.001183 0.000444 0.002716 0.005996 0.000379 0.007211 0.033936
-0.639214 0.015320 0.000682 0.001921 0.001743 0.002069 0.004070 0.040020 0.001643 0.017040 0.084508
-0.549214 0.027210 0.001626 0.003636 0.003261 0.003412 0.005868 0.068470 0.002551 0.025220 0.141254
-0.459214 0.026320 0.003053 0.005320 0.005343 0.003765 0.008164 0.058230 0.003001 0.037050 0.150246
-0.370214 0.028940 0.005861 0.008637 0.008833 0.006230 0.011030 0.062780 0.004610 0.083960 0.220881
-0.280214 0.023430 0.011540 0.018510 0.023030 0.017710 0.020960 0.084990 0.007273 0.101900 0.309343
-0.190214 0.006984 0.028930 0.017300 0.015480 0.038120 0.013140 0.148400 0.011510 0.123900 0.403764
-0.101214 0.000082 0.000585 0.000400 0.000271 0.000086 0.000120 0.001485 0.000216 0.001314 0.004559
-0.011214 0.000000 0.000000 0.000000 0.000000 0.000000 0.000000 0.000000 0.000000 0.000000 0.000000
0.078786 0.000000 0.000000 0.000000 0.000000 0.000000 0.000000 0.000000 0.000000 0.000000 0.000000
0.167786 0.000000 0.000000 0.000000 0.000000 0.000000 0.000000 0.000000 0.000000 0.000000 0.000000
0.257786 0.000000 0.000000 0.000000 0.000000 0.000000 0.000000 0.000000 0.000000 0.000000 0.000000
0.347786 0.000000 0.000000 0.000000 0.000000 0.000000 0.000000 0.000000 0.000000 0.000000 0.000000
0.436786 0.000000 0.000000 0.000000 0.000000 0.000000 0.000000 0.000000 0.000000 0.000000 0.000000
0.526786 0.000000 0.000000 0.000000 0.000000 0.000000 0.000000 0.000000 0.000000 0.000000 0.000000
0.616786 0.000000 0.000000 0.000000 0.000000 0.000000 0.000000 0.000000 0.000000 0.000000 0.000000
0.706786 0.000000 0.000000 0.000000 0.000000 0.000000 0.000000 0.000000 0.000000 0.000000 0.000000
0.795786 0.000000 0.000000 0.000000 0.000000 0.000000 0.000000 0.000000 0.000000 0.000000 0.000000
0.885786 0.000000 0.000000 0.000000 0.000000 0.000000 0.000000 0.000000 0.000000 0.000000 0.000000
0.975786 0.000145 0.000001 0.000001 0.000003 0.000012 0.000003 0.000001 0.000011 0.000002 0.000178
1.064786 0.000514 0.000003 0.000003 0.000013 0.000052 0.000016 0.000004 0.000044 0.000011 0.000662
1.154786 0.001200 0.000011 0.000009 0.000032 0.000122 0.044050 0.000325 0.009712 0.000918 0.056379
1.244786 0.002447 0.000046 0.000028 0.000069 0.006321 0.210000 0.001613 0.029990 0.003594 0.254109
1.333786 0.003657 0.000100 0.000057 0.000122 0.081830 0.317800 0.003704 0.047640 0.004610 0.459520
1.423786 0.004811 0.000141 0.000096 0.000184 0.274200 0.349500 0.006349 0.068630 0.004419 0.708330
1.513786 0.006751 0.000154 0.000149 0.000296 0.554700 0.393700 0.008672 0.089090 0.004943 1.058456
1.602786 0.009754 0.000199 0.000199 0.000471 0.561000 0.484700 0.008357 0.113300 0.006758 1.184738
1.692786 0.011950 0.000243 0.000258 0.000566 0.740600 0.683900 0.011260 0.184800 0.010270 1.643847
1.782786 0.010670 0.000246 0.000281 0.000712 0.919500 0.864600 0.012190 0.237800 0.012340 2.058339
1.872786 0.000324 0.000142 0.000092 0.000120 0.198800 0.329800 0.002392 0.104300 0.002643 0.638613
1.961786 0.002512 0.000376 0.000179 0.000749 0.318700 0.621600 0.012840 0.372600 0.023360 1.352916
2.051786 0.008306 0.000903 0.000308 0.001427 0.571600 0.702000 0.022940 0.633600 0.039130 1.980214
2.141786 0.007487 0.001033 0.000347 0.001515 0.419300 0.411200 0.029500 0.521300 0.050110 1.441792
2.230786 0.008023 0.001421 0.000548 0.001981 0.504000 0.461800 0.056260 0.578000 0.099200 1.711233
2.320786 0.008734 0.001925 0.000760 0.002389 0.480300 0.393700 0.087270 0.640000 0.131700 1.746778
2.410786 0.008844 0.002964 0.001052 0.002971 0.448800 0.358200 0.158500 0.687800 0.161700 1.830831
2.499786 0.008246 0.002970 0.001017 0.002835 0.453000 0.351700 0.178600 0.739600 0.169600 1.907568
2.589786 0.006505 0.001913 0.000766 0.001847 0.636700 0.505700 0.165500 1.252000 0.194300 2.765231
2.679786 0.005820 0.001712 0.000779 0.001564 0.886800 0.606200 0.198000 1.971000 0.249100 3.920975
2.768786 0.004331 0.001422 0.000664 0.001252 0.026600 0.007516 0.165800 0.093680 0.184500 0.485765
2.858786 0.004167 0.001748 0.000921 0.001445 0.023690 0.010800 0.265100 0.039430 0.283700 0.631001
2.948786 0.002834 0.001688 0.001063 0.001386 0.032740 0.014920 0.462700 0.031610 0.352000 0.900941
3.038786 0.001748 0.001225 0.000921 0.000968 0.041630 0.019120 0.565600 0.028540 0.391000 1.050752
3.127786 0.009468 0.002207 0.002195 0.002017 0.065730 0.037660 1.633000 0.039640 1.337000 3.128917
3.217786 0.009624 0.001624 0.002118 0.001646 0.012880 0.026090 1.199000 0.028320 1.263000 2.544302
3.307786 0.003830 0.001173 0.001381 0.001071 0.009880 0.014980 1.501000 0.023670 1.279000 2.835985
3.396786 0.001253 0.000641 0.000685 0.000580 0.005099 0.007491 0.872600 0.012970 1.078000 1.979319
3.486786 0.001297 0.000307 0.000323 0.000326 0.001324 0.003045 0.590500 0.005904 0.741300 1.344325
3.576786 0.000000 0.000000 0.000000 0.000000 0.000000 0.000000 0.000000 0.000000 0.000000 0.000000
3.665786 0.000000 0.000000 0.000000 0.000000 0.000000 0.000000 0.000000 0.000000 0.000000 0.000000
3.755786 0.000000 0.000000 0.000000 0.000000 0.000000 0.000000 0.000000 0.000000 0.000000 0.000000
3.845786 0.000000 0.000000 0.000000 0.000000 0.000000 0.000000 0.000000 0.000000 0.000000 0.000000
3.934786 0.000000 0.000000 0.000000 0.000000 0.000000 0.000000 0.000000 0.000000 0.000000 0.000000
4.024786 0.000000 0.000000 0.000000 0.000000 0.000000 0.000000 0.000000 0.000000 0.000000 0.000000
4.114786 0.000000 0.000000 0.000000 0.000000 0.000000 0.000000 0.000000 0.000000 0.000000 0.000000
4.204786 0.000000 0.000000 0.000000 0.000000 0.000000 0.000000 0.000000 0.000000 0.000000 0.000000
4.293786 0.000000 0.000000 0.000000 0.000000 0.000000 0.000000 0.000000 0.000000 0.000000 0.000000
4.383786 0.000000 0.000000 0.000000 0.000000 0.000000 0.000000 0.000000 0.000000 0.000000 0.000000
4.473786 0.000000 0.000000 0.000000 0.000000 0.000000 0.000000 0.000000 0.000000 0.000000 0.000000
4.562786 0.000000 0.000000 0.000000 0.000000 0.000000 0.000000 0.000000 0.000000 0.000000 0.000000
4.652786 0.000000 0.000000 0.000000 0.000000 0.000000 0.000000 0.000000 0.000000 0.000000 0.000000
4.742786 0.000000 0.000000 0.000000 0.000000 0.000000 0.000000 0.000000 0.000000 0.000000 0.000000
4.831786 0.000000 0.000000 0.000000 0.000000 0.000000 0.000000 0.000000 0.000000 0.000000 0.000000
4.921786 0.000000 0.000000 0.000000 0.000000 0.000000 0.000000 0.000000 0.000000 0.000000 0.000000
5.011786 0.000000 0.000000 0.000000 0.000000 0.000000 0.000000 0.000000 0.000000 0.000000 0.000000
5.100786 0.000000 0.000000 0.000000 0.000000 0.000000 0.000000 0.000000 0.000000 0.000000 0.000000
5.190786 0.000000 0.000000 0.000000 0.000000 0.000000 0.000000 0.000000 0.000000 0.000000 0.000000
5.280786 0.000000 0.000000 0.000000 0.000000 0.000000 0.000000 0.000000 0.000000 0.000000 0.000000
5.370786 0.000000 0.000000 0.000000 0.000000 0.000000 0.000000 0.000000 0.000000 0.000000 0.000000
5.459786 0.000000 0.000000 0.000000 0.000000 0.000000 0.000000 0.000000 0.000000 0.000000 0.000000
5.549786 0.000000 0.000000 0.000000 0.000000 0.000000 0.000000 0.000000 0.000000 0.000000 0.000000
