#  T(K)     E(eV/cell)    F(eV/cell)    Fc(eV/cell)   S(kB/cell)    Cv(kB/cell)
    0.00 NaN              0.11995722 NaN           NaN           NaN          
   10.00    0.11995890    0.11995668    0.01908545    0.00257877    0.00786642
   20.00    0.11998548    0.11994810    0.03100316    0.02169066    0.06805704
   30.00    0.12010657    0.11990890    0.04021545    0.07646230    0.22994533
   40.00    0.12040300    0.11980393    0.04767084    0.17379829    0.46519694
   50.00    0.12091368    0.11959963    0.05381981    0.30497668    0.72022115
   60.00    0.12164224    0.11927194    0.05892769    0.45843356    0.96888705
   70.00    0.12258056    0.11880556    0.06316979    0.62581015    1.20743361
   80.00    0.12372157    0.11819078    0.06667073    0.80227197    1.44020217
   90.00    0.12506229    0.11742100    0.06952366    0.98525437    1.67139563
  100.00    0.12660219    0.11649127    0.07180092    1.17331719    1.90252764
  110.00    0.12834099    0.11539765    0.07356027    1.36545767    2.13270836
  120.00    0.13027696    0.11413701    0.07484893    1.56079331    2.35973126
  130.00    0.13240629    0.11270699    0.07570623    1.75845782    2.58103957
  140.00    0.13472302    0.11110593    0.07616540    1.95759468    2.79432830
  150.00    0.13721943    0.10933293    0.07625494    2.15738280    2.99782143
  160.00    0.13988653    0.10738776    0.07599953    2.35706449    3.19033544
  170.00    0.14271456    0.10527081    0.07542076    2.55596481    3.37122828
  180.00    0.14569337    0.10298301    0.07453767    2.75350102    3.54030066
  190.00    0.14881283    0.10052575    0.07336718    2.94918362    3.69768837
  200.00    0.15206300    0.09790080    0.07192445    3.14261188    3.84376419
  210.00    0.15543437    0.09511027    0.07022308    3.33346604    3.97905699
  220.00    0.15891790    0.09215646    0.06827541    3.52149794    4.10418867
  230.00    0.16250512    0.08904191    0.06609263    3.70652140    4.21982748
  240.00    0.16618814    0.08576926    0.06368499    3.88840281    4.32665453
  250.00    0.16995967    0.08234126    0.06106185    4.06705264    4.42534097
  260.00    0.17381296    0.07876073    0.05823183    4.24241776    4.51653289
  270.00    0.17774183    0.07503050    0.05520291    4.41447484    4.60084220
  280.00    0.18174060    0.07115344    0.05198244    4.58322465    4.67884159
  290.00    0.18580405    0.06713237    0.04857727    4.74868729    4.75106230
  300.00    0.18992742    0.06297012    0.04499378    4.91089809    4.81799403
  310.00    0.19410636    0.05866947    0.04123791    5.06990434    4.88008602
  320.00    0.19833687    0.05423316    0.03731522    5.22576244    4.93774891
  330.00    0.20261529    0.04966387    0.03323093    5.37853569    4.99135719
  340.00    0.20693829    0.04496424    0.02898994    5.52829238    5.04125170
  350.00    0.21130280    0.04013683    0.02459685    5.67510428    5.08774236
  360.00    0.21570600    0.03518415    0.02005602    5.81904546    5.13111076
  370.00    0.22014533    0.03010864    0.01537154    5.96019123    5.17161265
  380.00    0.22461840    0.02491268    0.01054731    6.09861737    5.20948034
  390.00    0.22912305    0.01959857    0.00558700    6.23439954    5.24492486
  400.00    0.23365727    0.01416857    0.00049409    6.36761272    5.27813804
  410.00    0.23821921    0.00862486   -0.00472808    6.49833089    5.30929428
  420.00    0.24280717    0.00296954   -0.01007638    6.62662665    5.33855232
  430.00    0.24741958   -0.00279531   -0.01554780    6.75257107    5.36605672
  440.00    0.25205498   -0.00866770   -0.02113947    6.87623349    5.39193922
  450.00    0.25671203   -0.01464570   -0.02684866    6.99768140    5.41632004
  460.00    0.26138949   -0.02072743   -0.03267275    7.11698036    5.43930895
  470.00    0.26608619   -0.02691106   -0.03860926    7.23419396    5.46100631
  480.00    0.27080106   -0.03319482   -0.04465578    7.34938380    5.48150394
  490.00    0.27553311   -0.03957699   -0.05081003    7.46260949    5.50088594
  500.00    0.28028142   -0.04605591   -0.05706981    7.57392864    5.51922945
  510.00    0.28504510   -0.05262995   -0.06343300    7.68339690    5.53660527
  520.00    0.28982337   -0.05929755   -0.06989757    7.79106801    5.55307846
  530.00    0.29461546   -0.06605718   -0.07646159    7.89699381    5.56870886
  540.00    0.29942069   -0.07290735   -0.08312317    8.00122433    5.58355159
  550.00    0.30423838   -0.07984663   -0.08988050    8.10380781    5.59765744
  560.00    0.30906792   -0.08687362   -0.09673184    8.20479073    5.61107329
  570.00    0.31390875   -0.09398695   -0.10367552    8.30421795    5.62384245
  580.00    0.31876031   -0.10118531   -0.11070991    8.40213268    5.63600494
  590.00    0.32362211   -0.10846741   -0.11783345    8.49857658    5.64759784
  600.00    0.32849366   -0.11583200   -0.12504463    8.59358982    5.65865546
  610.00    0.33337453   -0.12327787   -0.13234199    8.68721110    5.66920965
  620.00    0.33826428   -0.13080383   -0.13972411    8.77947776    5.67928996
  630.00    0.34316253   -0.13840872   -0.14718963    8.87042578    5.68892385
  640.00    0.34806889   -0.14609143   -0.15473723    8.96008988    5.69813685
  650.00    0.35298302   -0.15385087   -0.16236562    9.04850352    5.70695273
  660.00    0.35790458   -0.16168597   -0.17007355    9.13569899    5.71539363
  670.00    0.36283327   -0.16959570   -0.17785983    9.22170746    5.72348019
  680.00    0.36776878   -0.17757904   -0.18572328    9.30655900    5.73123170
  690.00    0.37271082   -0.18563502   -0.19366277    9.39028261    5.73866613
  700.00    0.37765915   -0.19376266   -0.20167719    9.47290632    5.74580031
  710.00    0.38261350   -0.20196105   -0.20976548    9.55445719    5.75264998
  720.00    0.38757363   -0.21022925   -0.21792660    9.63496136    5.75922988
  730.00    0.39253933   -0.21856639   -0.22615953    9.71444407    5.76555380
  740.00    0.39751036   -0.22697159   -0.23446329    9.79292973    5.77163469
  750.00    0.40248654   -0.23544400   -0.24283692    9.87044193    5.77748469
  760.00    0.40746766   -0.24398279   -0.25127950    9.94700347    5.78311523
  770.00    0.41245355   -0.25258717   -0.25979011   10.02263640    5.78853701
  780.00    0.41744402   -0.26125632   -0.26836786   10.09736207    5.79376011
  790.00    0.42243891   -0.26998948   -0.27701191   10.17120113    5.79879403
  800.00    0.42743805   -0.27878590   -0.28572141   10.24417354    5.80364770
  810.00    0.43244131   -0.28764484   -0.29449554   10.31629866    5.80832952
  820.00    0.43744853   -0.29656557   -0.30333351   10.38759523    5.81284745
  830.00    0.44245958   -0.30554739   -0.31223453   10.45808138    5.81720896
  840.00    0.44747431   -0.31458961   -0.32119784   10.52777471    5.82142114
  850.00    0.45249262   -0.32369154   -0.33022271   10.59669224    5.82549065
  860.00    0.45751437   -0.33285254   -0.33930841   10.66485050    5.82942381
  870.00    0.46253946   -0.34207196   -0.34845424   10.73226549    5.83322660
  880.00    0.46756777   -0.35134915   -0.35765949   10.79895276    5.83690466
  890.00    0.47259920   -0.36068350   -0.36692350   10.86492736    5.84046334
  900.00    0.47763364   -0.37007440   -0.37624561   10.93020393    5.84390772
  910.00    0.48267101   -0.37952126   -0.38562516   10.99479664    5.84724259
  920.00    0.48771120   -0.38902349   -0.39506154   11.05871928    5.85047251
  930.00    0.49275414   -0.39858052   -0.40455412   11.12198522    5.85360182
  940.00    0.49779972   -0.40819179   -0.41410229   11.18460745    5.85663461
  950.00    0.50284789   -0.41785676   -0.42370547   11.24659861    5.85957478
  960.00    0.50789854   -0.42757487   -0.43336308   11.30797095    5.86242605
  970.00    0.51295162   -0.43734561   -0.44307455   11.36873641    5.86519193
  980.00    0.51800704   -0.44716846   -0.45283932   11.42890656    5.86787577
  990.00    0.52306474   -0.45704290   -0.46265685   11.48849268    5.87048078
