             0.00000             0.00977
             0.10000             0.02344
             0.20000             0.02083
             0.30000             0.02214
             0.40000             0.02083
             0.50000             0.02279
             0.60000             0.02018
             0.70000             0.02148
             0.80000             0.02214
             0.90000             0.02214
             1.00000             0.02083
             1.10000             0.02279
             1.20000             0.02214
             1.30000             0.02214
             1.40000             0.02344
             1.50000             0.02344
             1.60000             0.02279
             1.70000             0.02409
             1.80000             0.02409
             1.90000             0.02539
             2.00000             0.02409
             2.10000             0.02734
             2.20000             0.02474
             2.30000             0.02865
             2.40000             0.02799
             2.50000             0.02995
             2.60000             0.03190
             2.70000             0.03255
             2.80000             0.03581
             2.90000             0.03971
             3.00000             0.04557
             3.10000             0.05924
             3.20000             0.10872
             3.30000             0.19792
             3.40000             0.04818
             3.50000             0.04036
             3.60000             0.03841
             3.70000             0.03711
             3.80000             0.17187
             3.90000             0.13021
             4.00000             0.10872
             4.10000             0.09961
             4.20000             0.09701
             4.30000             0.14779
             4.40000             0.15951
             4.50000             0.09831
             4.60000             0.09961
             4.70000             0.10742
             4.80000             0.12565
             4.90000             0.11458
             5.00000             0.08203
             5.10000             0.08984
             5.20000             0.15430
             5.30000             0.04232
             5.40000             0.04362
             5.50000             0.04818
             5.60000             0.05404
             5.70000             0.09310
             5.80000             0.08789
             5.90000             0.07292
             6.00000             0.02409
             6.10000             0.04622
             6.20000             0.00521
             6.30000             0.00586
             6.40000             0.00586
             6.50000             0.00521
             6.60000             0.00521
             6.70000             0.00651
             6.80000             0.00521
             6.90000             0.00586
             7.00000             0.00651
             7.10000             0.00521
             7.20000             0.00586
             7.30000             0.00651
             7.40000             0.00586
             7.50000             0.00651
             7.60000             0.00716
             7.70000             0.00586
             7.80000             0.00716
             7.90000             0.00586
             8.00000             0.00716
             8.10000             0.00716
             8.20000             0.00716
             8.30000             0.00716
             8.40000             0.00651
             8.50000             0.00781
             8.60000             0.00716
             8.70000             0.00781
             8.80000             0.00781
             8.90000             0.00781
             9.00000             0.00781
             9.10000             0.00911
             9.20000             0.00781
             9.30000             0.00846
             9.40000             0.00846
             9.50000             0.00911
             9.60000             0.00911
             9.70000             0.00911
             9.80000             0.00911
             9.90000             0.00977
            10.00000             0.00911
            10.10000             0.00977
            10.20000             0.00977
            10.30000             0.14062
            10.40000             0.09375
            10.50000             0.07682
            10.60000             0.07031
            10.70000             0.06836
            10.80000             0.09701
            10.90000             0.13542
            11.00000             0.10026
            11.10000             0.09635
            11.20000             0.22201
            11.30000             0.14974
            11.40000             0.13281
            11.50000             0.10352
            11.60000             0.10937
            11.70000             0.11914
            11.80000             0.15234
            11.90000             0.21875
            12.00000             0.07747
            12.10000             0.03190
            12.20000             0.00977
            12.30000             0.00977
            12.40000             0.00977
            12.50000             0.00977
            12.60000             0.01042
            12.70000             0.00977
            12.80000             0.01042
            12.90000             0.01042
            13.00000             0.01107
            13.10000             0.01172
            13.20000             0.28125
            13.30000             0.20182
            13.40000             0.27995
            13.50000             0.54102
            13.60000             0.16667
            13.70000             0.12435
            13.80000             0.20247
            13.90000             0.10352
            14.00000             0.11393
            14.10000             0.41732
            14.20000             0.55013
            14.30000             0.33724
            14.40000             0.47005
            14.50000             0.00000
            14.60000             0.00000
            14.70000             0.00000
            14.80000             0.00000
            14.90000             0.00000
            15.00000             0.00000
            15.10000             0.00000
            15.20000             0.00000
            15.30000             0.00000
            15.40000             0.00000
            15.50000             0.00000
            15.60000             0.00000
            15.70000             0.00000
            15.80000             0.00000
            15.90000             0.00000
            16.00000             0.00000
            16.10000             0.00000
            16.20000             0.00000
            16.30000             0.00000
            16.40000             0.00000
            16.50000             0.00000
            16.60000             0.00000
            16.70000             0.00000
            16.80000             0.00000
            16.90000             0.00000
            17.00000             0.00000
            17.10000             0.00000
            17.20000             0.00000
            17.30000             0.00000
            17.40000             0.00000
            17.50000             0.00000
            17.60000             0.00000
            17.70000             0.00000
            17.80000             0.00000
            17.90000             0.00000
            18.00000             0.00000
            18.10000             0.00000
            18.20000             0.00000
            18.30000             0.00000
            18.40000             0.00000
            18.50000             0.00000
            18.60000             0.00000
            18.70000             0.00000
            18.80000             0.00000
            18.90000             0.00000
            19.00000             0.00000
            19.10000             0.00000
            19.20000             0.00000
            19.30000             0.00000
            19.40000             0.00000
            19.50000             0.00000
            19.60000             0.00000
            19.70000             0.00000
            19.80000             0.00000
            19.90000             0.00000
            20.00000             0.00000
            20.10000             0.00000
            20.20000             0.00000
            20.30000             0.00000
            20.40000             0.00000
            20.50000             0.00000
            20.60000             0.00000
            20.70000             0.00000
            20.80000             0.00000
            20.90000             0.00000
            21.00000             0.00000
            21.10000             0.00000
            21.20000             0.00000
            21.30000             0.00000
            21.40000             0.00000
            21.50000             0.00000
            21.60000             0.00000
            21.70000             0.00000
            21.80000             0.00000
            21.90000             0.00000
            22.00000             0.00000
            22.10000             0.00000
            22.20000             0.00000
            22.30000             0.00000
            22.40000             0.00000
            22.50000             0.00000
            22.60000             0.00000
            22.70000             0.00000
            22.80000             0.00000
            22.90000             0.00000
            23.00000             0.00000
            23.10000             0.00000
            23.20000             0.00000
            23.30000             0.00000
            23.40000             0.00000
            23.50000             0.00000
            23.60000             0.00000
            23.70000             0.00000
            23.80000             0.00000
            23.90000             0.00000
            24.00000             0.00000
            24.10000             0.00000
            24.20000             0.00000
            24.30000             0.00000
            24.40000             0.00000
            24.50000             0.00000
            24.60000             0.00000
            24.70000             0.00000
            24.80000             0.00000
            24.90000             0.00000
