# dT = 0.00250000
# Vi = 1.00000000
# Xi = 0.00000000
# tot_Step =   80001
# print_skip =      80
# method = Euler
#                   t                  vel                  pos                    E
  0.00000000   0.00000000   1.00000000   0.50000000
  0.20000000   0.58922682   0.81102318   0.50247342
  0.40000000   0.95575322   0.31057035   0.50495908
  0.60000000   0.95813440  -0.31127568   0.50745704
  0.80000000   0.59365722  -0.81701028   0.50996735
  1.00000000   0.00006540  -1.01241303   0.51249008
  1.20000000  -0.59648788  -0.82112897   0.51502529
  1.40000000  -0.96759671  -0.31448797   0.51757304
  1.60000000  -0.97004811   0.31507690   0.52013339
  1.80000000  -0.60107974   0.82711303   0.52270641
  2.00000000  -0.00013242   1.02498015   0.52529216
  2.20000000   0.60383840   0.83136068   0.52789070
  2.40000000   0.97958695   0.31845500   0.53050209
  2.60000000   0.98210995  -0.31892452   0.53312640
  2.80000000   0.60859505  -0.83734071   0.53576370
  3.00000000   0.00020109  -1.03770325   0.53841404
  3.20000000  -0.61127950  -0.84171987   0.54107749
  3.40000000  -0.99172577  -0.32247205   0.54375411
  3.60000000  -0.99432177   0.32281912   0.54644398
  3.80000000  -0.61620432   0.84769484   0.54914716
  4.00000000  -0.00027145   1.05058428   0.55186370
  4.20000000   0.61881229   0.85220815   0.55459369
  4.40000000   1.00401501   0.32653976   0.55733718
  4.60000000   1.00668543  -0.32676126   0.56009424
  4.80000000   0.62390872  -0.85817701   0.56286494
  5.00000000   0.00034352  -1.06362520   0.56564934
  5.20000000  -0.62643789  -0.86282710   0.56844752
  5.40000000  -1.01645652  -0.33065877   0.57125954
  5.60000000  -1.01920282   0.33075152   0.57408548
  5.80000000  -0.63170944   0.86878879   0.57692539
  6.00000000  -0.00041734   1.07682799   0.57977935
  6.20000000   0.63415746   0.87357837   0.58264743
  6.40000000   1.02905221   0.33482972   0.58552969
  6.60000000   1.03187585  -0.33479050   0.58842622
  6.80000000   0.63960768  -0.87953178   0.59133707
  7.00000000   0.00049294  -1.09019467   0.59426233
  7.20000000  -0.64197215  -0.88446360   0.59720205
  7.40000000  -1.04180397  -0.33905327   0.60015632
  7.60000000  -1.04470645   0.33887879   0.60312520
  7.80000000  -0.64760467   0.89040761   0.60610876
  8.00000000  -0.00057035   1.10372726   0.60910709
  8.20000000   0.64988313   0.89548446   0.61212025
  8.40000000   1.05471375   0.34333008   0.61514831
  8.60000000   1.05769658  -0.34301698   0.61819136
  8.80000000   0.65570164  -0.90141792   0.62124945
  9.00000000   0.00064961  -1.11742782   0.62432268
  9.20000000  -0.65789159  -0.90664263   0.62741111
  9.40000000  -1.06778349  -0.34766082   0.63051481
  9.60000000  -1.07084824   0.34720569   0.63363387
  9.80000000  -0.66389984   0.91256437   0.63676836
 10.00000000  -0.00073075   1.13129845   0.63991836
 10.20000000   0.66599873   0.91793984   0.64308393
 10.40000000   1.08101519   0.35204617   0.64626517
 10.60000000   1.08416342  -0.35144554   0.64946214
 10.80000000   0.67220052  -0.92384865   0.65267493
 11.00000000   0.00081380  -1.14534124   0.65590361
 11.20000000  -0.67420577  -0.92937781   0.65914827
 11.40000000  -1.09441084  -0.35648683   0.66240897
 11.60000000  -1.09764416   0.35573714   0.66568581
 11.80000000  -0.68060499   0.93527245   0.66897885
 12.00000000  -0.00089881   1.15955835   0.67228819
 12.20000000   0.68251393   0.94095830   0.67561389
 12.40000000   1.10797249   0.36098348   0.67895605
 12.60000000   1.11129252  -0.36008114   0.68231474
 12.80000000   0.68911452  -0.94683751   0.68569005
 13.00000000   0.00098579  -1.17395193   0.68908205
 13.20000000  -0.69092446  -0.95268308   0.69249083
 13.40000000  -1.12170218  -0.36553683   0.69591648
 13.60000000  -1.12511057   0.36447817   0.69935907
 13.80000000  -0.69773044   0.95854557   0.70281869
 14.00000000  -0.00107480   1.18852417   0.70629542
 14.20000000   0.69943863   0.96455395   0.70978936
 14.40000000   1.13560200   0.37014761   0.71330058
 14.60000000   1.13910044  -0.36892887   0.71682917
 14.80000000   0.70645408  -0.97039840   0.72037521
 15.00000000   0.00116587  -1.20327729   0.72393879
 15.20000000  -0.70805771  -0.97657273   0.72752001
 15.40000000  -1.14967406  -0.37481653   0.73111894
 15.60000000  -1.15326426   0.37343390   0.73473567
 15.80000000  -0.71528678   0.98239779   0.73837029
 16.00000000  -0.00125903   1.21821353   0.74202290
 16.20000000   0.71678299   0.98874126   0.74569357
 16.40000000   1.16392049   0.37954432   0.74938240
 16.60000000   1.16760419  -0.37799393   0.75308948
 16.80000000   0.72422990  -0.99454555   0.75681489
 17.00000000   0.00135432  -1.23333517   0.76055874
 17.20000000  -0.72561578  -1.00106142   0.76432111
 17.40000000  -1.17834345  -0.38433173   0.76810209
 17.60000000  -1.18212242   0.38260962   0.77190177
 17.80000000  -0.73328483   1.00684351   0.77572025
 18.00000000  -0.00145179   1.24864451   0.77955762
 18.20000000   0.73455740   1.01353508   0.78341397
 18.40000000   1.19294513   0.38917951   0.78728939
 18.60000000   1.19682116  -0.38728166   0.79118399
 18.80000000   0.74245296  -1.01929354   0.79509786
 19.00000000   0.00155147  -1.26414388   0.79903108
 19.20000000  -0.74360921  -1.02616416   0.80298377
 19.40000000  -1.20772775  -0.39408843   0.80695600
 19.60000000  -1.21170267   0.39201074   0.81094789
 19.80000000  -0.75173571   1.03189751   0.81495952
 20.00000000  -0.00165340   1.27983564   0.81899100
 20.20000000   0.75277255   1.03895060   0.82304243
 20.40000000   1.22269354   0.39905924   0.82711389
 20.60000000   1.22676921  -0.39679754   0.83120549
 20.80000000   0.76113451  -1.04465733   0.83531734
 21.00000000   0.00175762  -1.29572218   0.83944952
 21.20000000  -0.76204879  -1.05189635   0.84360215
 21.40000000  -1.23784478  -0.40409273   0.84777532
 21.60000000  -1.24202309   0.40164277   0.85196913
 21.80000000  -0.77065082   1.05757492   0.85618369
 22.00000000  -0.00186417   1.31180590   0.86041910
 22.20000000   0.77143934   1.06500341   0.86467546
 22.40000000   1.25318376   0.40918970   0.86895288
 22.60000000   1.25746663  -0.40654716   0.87325145
 22.80000000   0.78028609  -1.07065223   0.87757129
 23.00000000   0.00197309  -1.32808927   0.88191250
 23.20000000  -0.78094560  -1.07827378   0.88627519
 23.40000000  -1.26871282  -0.41435094   0.89065945
 23.60000000  -1.27310219   0.41151141   0.89506541
 23.80000000  -0.79004183   1.08389125   0.89949316
 24.00000000  -0.00208444   1.34457476   0.90394281
 24.20000000   0.79056899   1.09170950   0.90841448
 24.40000000   1.28443429   0.41957726   0.91290826
 24.60000000   1.28893216  -0.41653626   0.91742428
 24.80000000   0.79991952  -1.09729396   0.92196264
 25.00000000   0.00219824  -1.36126487   0.92652344
 25.20000000  -0.80031095  -1.10531263   0.93110681
 25.40000000  -1.30035058  -0.42486948   0.93571285
 25.60000000  -1.30495896   0.42162244   0.94034168
 25.80000000  -0.80992071   1.11086239   0.94499341
 26.00000000  -0.00231455   1.37816216   0.94966814
 26.20000000   0.81017296   1.11908525   0.95436600
 26.40000000   1.31646409   0.43022844   0.95908710
 26.60000000   1.32118503  -0.42677072   0.96383156
 26.80000000   0.82004693  -1.12459860   0.96859949
 27.00000000   0.00243341  -1.39526918   0.97339100
 27.20000000  -0.82015648  -1.13302947   0.97820621
 27.40000000  -1.33277727  -0.43565497   0.98304525
 27.60000000  -1.33761285   0.43198184   0.98790822
 27.80000000  -0.83029974   1.13850465   0.99279525
 28.00000000  -0.00255486   1.41258854   0.99770645
 28.20000000   0.83026301   1.14714744   1.00264195
 28.40000000   1.34929258   0.44114993   1.00760187
 28.60000000   1.35424493  -0.43725657   1.01258632
 28.80000000   0.84068073  -1.15258265   1.01759543
 29.00000000   0.00267895  -1.43012288   1.02262931
 29.20000000  -0.84049407  -1.16144131   1.02768810
 29.40000000  -1.36601255  -0.44671417   1.03277192
 29.60000000  -1.37108381   0.44259569   1.03788088
 29.80000000  -0.85119150   1.16683472   1.04301512
 30.00000000  -0.00280573   1.44787487   1.04817475
 30.20000000   0.85085120   1.17591329   1.05335991
 30.40000000   1.38293969   0.45234858   1.05857072
 30.60000000   1.38813207  -0.44799998   1.06380731
 30.80000000   0.86183368  -1.18126301   1.06906980
 31.00000000   0.00293524  -1.46584720   1.07435832
 31.20000000  -0.86133594  -1.19056558   1.07967300
 31.40000000  -1.40007659  -0.45805404   1.08501398
 31.60000000  -1.40539229   0.45347024   1.09038137
 31.80000000  -0.87260890   1.19586971   1.09577532
 32.00000000  -0.00306753   1.48404262   1.10119595
 32.20000000   0.87194988   1.20540044   1.10664340
 32.40000000   1.41742583   0.46383144   1.11211779
 32.60000000   1.42286713  -0.45900727   1.11761927
 32.80000000   0.88351883  -1.21065701   1.12314796
 33.00000000   0.00320266  -1.50246389   1.12870400
 33.20000000  -0.88269459  -1.22042013   1.13428752
 33.40000000  -1.43499005  -0.46968169   1.13989867
 33.60000000  -1.44055924   0.46461189   1.14553757
 33.80000000  -0.89456515   1.22562716   1.15120437
 34.00000000  -0.00334067   1.52111381   1.15689920
 34.20000000   0.89357170   1.23562697   1.16262220
 34.40000000   1.45277192   0.47560570   1.16837351
 34.60000000   1.45847133  -0.47028493   1.17415327
 34.80000000   0.90574956  -1.24078241   1.17996163
 35.00000000   0.00348161  -1.53999523   1.18579872
 35.20000000  -0.90458283  -1.25102329   1.19166468
 35.40000000  -1.47077412  -0.48160442   1.19755966
 35.60000000  -1.47660614   0.47602721   1.20348380
 35.80000000  -0.91707380   1.25612505   1.20943725
 36.00000000  -0.00362554   1.55911102   1.21542015
 36.20000000   0.91572963   1.26661144   1.22143265
 36.40000000   1.48899939   0.48767877   1.22747489
 36.60000000   1.49496643  -0.48183959   1.23354701
 36.80000000   0.92853962  -1.27165740   1.23964918
 37.00000000   0.00377250  -1.57846407   1.24578153
 37.20000000  -0.92701378  -1.28239381   1.25194422
 37.40000000  -1.50745050  -0.49382972   1.25813740
 37.60000000  -1.51355501   0.48772292   1.26436121
 37.80000000  -0.94014877   1.28738180   1.27061581
 38.00000000  -0.00392256   1.59805735   1.27690135
 38.20000000   0.93843697   1.29837283   1.28321798
 38.40000000   1.52613024   0.50005822   1.28956586
 38.60000000   1.53237471  -0.49367806   1.29594514
 38.80000000   0.95190306  -1.30330063   1.30235599
 39.00000000   0.00407575  -1.61789384   1.30879854
 39.20000000  -0.95000091  -1.31455095   1.31527296
 39.40000000  -1.54504144  -0.50636527   1.32177941
 39.60000000  -1.55142842   0.49970589   1.32831805
 39.80000000  -0.96380429   1.31941630   1.33488904
 40.00000000  -0.00423215   1.63797654   1.34149253
 40.20000000   0.96170734   1.33093064   1.34812868
 40.40000000   1.56418697   0.51275183   1.35479767
 40.60000000   1.57071903  -0.50580730   1.36149964
 40.80000000   0.97585431  -1.33573123   1.36823477
 41.00000000   0.00439180  -1.65830852   1.37500322
 41.20000000  -0.97355801  -1.34751441   1.38180515
 41.40000000  -1.58356975  -0.51921893   1.38864072
 41.60000000  -1.59024949   0.51198318   1.39551011
 41.80000000  -0.98805497   1.35224788   1.40241349
 42.00000000  -0.00455476   1.67889287   1.40935101
 42.20000000   0.98555469   1.36430482   1.41632285
 42.40000000   1.60319270   0.52576757   1.42332918
 42.60000000   1.61002279  -0.51823445   1.43037017
 42.80000000   1.00040816  -1.36896877   1.43744599
 43.00000000   0.00472109  -1.69973273   1.44455681
 43.20000000  -0.99769920  -1.38130443   1.45170281
 43.40000000  -1.62305880  -0.53239878   1.45888416
 43.60000000  -1.63004195   0.52456202   1.46610104
 43.80000000  -1.01291579   1.38589640   1.47335361
 44.00000000  -0.00489085   1.72083125   1.48064206
 44.20000000   1.00999334   1.39851586   1.48796657
 44.40000000   1.64317106   0.53911361   1.49532731
 44.60000000   1.65031002  -0.53096683   1.50272446
 44.80000000   1.02557978  -1.40303334   1.51015821
 45.00000000   0.00506410  -1.74219167   1.51762873
 45.20000000  -1.02243896  -1.41594173   1.52513620
 45.40000000  -1.66353254  -0.54591310   1.53268082
 45.60000000  -1.67083009   0.53744982   1.54026275
 45.80000000  -1.03840209   1.42038217   1.54788219
 46.00000000  -0.00524089   1.76381722   1.55553933
 46.20000000   1.03503793   1.43358472   1.56323434
 46.40000000   1.68414633   0.55279833   1.57096742
 46.60000000   1.69160531  -0.54401193   1.57873875
 46.80000000   1.05138469  -1.43794551   1.58654853
 47.00000000   0.00542129  -1.78571120   1.59439694
 47.20000000  -1.04779214  -1.45144754   1.60228418
 47.40000000  -1.70501554  -0.55977037   1.61021043
 47.60000000  -1.71263884   0.55065415   1.61817589
 47.80000000  -1.06452960   1.45572602   1.62618076
 48.00000000  -0.00560536   1.80787694   1.63422522
 48.20000000   1.06070350   1.46953293   1.64230948
 48.40000000   1.72614335   0.56683031   1.65043373
 48.60000000   1.73393389  -0.55737744   1.65859817
 48.80000000   1.07783884  -1.47372638   1.66680300
 49.00000000   0.00579317  -1.83031781   1.67504842
 49.20000000  -1.07377395  -1.48784366   1.68333462
 49.40000000  -1.74753295  -0.57397928   1.69166182
 49.60000000  -1.75549372   0.56418279   1.70003021
 49.80000000  -1.09131446   1.49194931   1.70844000
 50.00000000  -0.00598478   1.85303722   1.71689138
 50.20000000   1.08700544   1.50638253   1.72538458
 50.40000000   1.76918760   0.58121839   1.73391979
 50.60000000   1.77732162  -0.57107121   1.74249722
 50.80000000   1.10495855  -1.51039755   1.75111709
 51.00000000   0.00618025  -1.87603864   1.75977959
 51.20000000  -1.10039997  -1.52515239   1.76848495
 51.40000000  -1.79111058  -0.58854877   1.77723337
 51.60000000  -1.79942091   0.57804370   1.78602507
 51.80000000  -1.11877321   1.52907391   1.79486026
 52.00000000  -0.00637965   1.89932557   1.80373916
 52.20000000   1.11395953   1.54415612   1.81266198
 52.40000000   1.81330520   0.59597157   1.82162894
 52.60000000   1.82179499  -0.58510130   1.83064025
 52.80000000   1.13276058  -1.54798119   1.83969615
 53.00000000   0.00658305  -1.92290154   1.84879684
 53.20000000  -1.12768616  -1.56339663   1.85794255
 53.40000000  -1.83577485  -0.60348797   1.86713351
 53.60000000  -1.84444725   0.59224505   1.87636993
 53.80000000  -1.14692280   1.56712225   1.88565204
 54.00000000  -0.00679051   1.94677015   1.89498007
 54.20000000   1.14158193   1.58287687   1.90435424
 54.40000000   1.85852291   0.61109914   1.91377479
 54.60000000   1.86738116  -0.59947599   1.92324194
 54.80000000   1.16126208  -1.58649999   1.93275592
 55.00000000   0.00700211  -1.97093503   1.94231696
 55.20000000  -1.15564891  -1.60259983   1.95192530
 55.40000000  -1.88155286  -0.61880627   1.96158118
 55.60000000  -1.89060023   0.60679518   1.97128482
 55.80000000  -1.17578061   1.60611733   1.98103646
 56.00000000  -0.00721792   1.99539985   1.99083634
 56.20000000   1.16988921   1.62256853   2.00068470
 56.40000000   1.90486817   0.62661058   2.01058178
 56.60000000   1.91410800  -0.61420371   2.02052781
 56.80000000   1.19048065  -1.62597722   2.03052305
 57.00000000   0.00743801  -2.02016835   2.04056774
 57.20000000  -1.18430498  -1.64278603   2.05066211
 57.40000000  -1.92847238  -0.63451329   2.06080642
 57.60000000  -1.93790805   0.62170267   2.07100091
 57.80000000  -1.20536446   1.64608268   2.08124583
 58.00000000  -0.00766245   2.04524428   2.09154143
 58.20000000   1.19889836   1.66325543   2.10188796
 58.40000000   1.95236908   0.64251564   2.11228568
 58.60000000   1.96200402  -0.62929315   2.12273483
 58.80000000   1.22043433  -1.66643673   2.13323567
 59.00000000   0.00789131  -2.07063146   2.14378846
 59.20000000  -1.21367156  -1.68397988   2.15439345
 59.40000000  -1.97656188  -0.65061888   2.16505090
 59.60000000  -1.98639960   0.63697628   2.17576107
 59.80000000  -1.23569260   1.68704245   2.18652422
 60.00000000  -0.00812468   2.09633376   2.19734062
 60.20000000   1.22862678   1.70496255   2.20821053
 60.40000000   2.00105446   0.65882429   2.21913420
 60.60000000   2.01109850  -0.64475319   2.23011192
 60.80000000   1.25114162  -1.70790296   2.24114394
 61.00000000   0.00836262  -2.12235509   2.25223053
 61.20000000  -1.24376627  -1.72620665   2.26337196
 61.40000000  -2.02585053  -0.66713316   2.27456852
 61.60000000  -2.03610449   0.65262501   2.28582045
 61.80000000  -1.26678377   1.72902139   2.29712806
 62.00000000  -0.00860522   2.14869941   2.30849159
 62.20000000   1.25909229   1.74771545   2.31991134
 62.40000000   2.05095385   0.67554679   2.33138759
 62.60000000   2.06142140  -0.66059292   2.34292060
 62.80000000   1.28262147  -1.75040095   2.35451067
 63.00000000   0.00885255  -2.17537072   2.36615807
 63.20000000  -1.27460715  -1.76949224   2.37786309
 63.40000000  -2.07636823  -0.68406650   2.38962601
 63.60000000  -2.08705309   0.66865807   2.40144712
 63.80000000  -1.29865716   1.77204486   2.41332670
 64.00000000  -0.00910470   2.20237309   2.42526506
 64.20000000   1.29031317   1.79154036   2.43726247
 64.40000000   2.10209753   0.69269362   2.44931923
 64.60000000   2.11300348  -0.67682166   2.46143563
 64.80000000   1.31489332  -1.79395638   2.47361198
 65.00000000   0.00936174  -2.22971062   2.48584855
 65.20000000  -1.30621272  -1.81386319   2.49814566
 65.40000000  -2.12814563  -0.70142952   2.51050360
 65.60000000  -2.13927652   0.68508489   2.52292267
 65.80000000  -1.33133245   1.81613883   2.53540318
 66.00000000  -0.00962376   2.25738748   2.54794543
 66.20000000   1.32230816   1.83646415   2.56054972
 66.40000000   2.15451650   0.71027556   2.57321637
 66.60000000   2.16587624  -0.69344897   2.58594567
 66.80000000   1.34797710  -1.83859556   2.59873794
 67.00000000   0.00989085  -2.28540788   2.61159350
 67.20000000  -1.33860192  -1.85934672   2.62451265
 67.40000000  -2.18121414  -0.71923313   2.63749571
 67.60000000  -2.19280668   0.70191514   2.65054299
 67.80000000  -1.36482982   1.86132996   2.66365482
 68.00000000  -0.01016308   2.31377607   2.67683151
 68.20000000   1.35509643   1.88251439   2.69007338
 68.40000000   2.20824259   0.72830364   2.70338075
 68.60000000   2.22007196  -0.71048463   2.71675396
 68.80000000   1.38189322  -1.88434545   2.73019332
 69.00000000   0.01044055  -2.34249639   2.74369917
 69.20000000  -1.37179418  -1.90597072   2.75727182
 69.40000000  -2.23560595  -0.73748850   2.77091162
 69.60000000  -2.24767625   0.71915872   2.78461889
 69.80000000  -1.39916993   1.90764552   2.79839397
 70.00000000  -0.01072333   2.37157319   2.81223719
 70.20000000   1.38869766   1.92971930   2.82614890
 70.40000000   2.26330837   0.74678917   2.84012942
 70.60000000   2.27562376  -0.72793867   2.85417910
 70.80000000   1.41666263  -1.93123369   2.86829828
 71.00000000   0.01101153  -2.40101091   2.88248731
 71.20000000  -1.40580942  -1.95376379   2.89674653
 71.40000000  -2.29135405  -0.75620710   2.91107629
 71.60000000  -2.30391876   0.73682578   2.92547693
 71.80000000  -1.43437400   1.95511352   2.93994881
 72.00000000  -0.01130524   2.43081401   2.95449229
 72.20000000   1.42313201   1.97810786   2.96910770
 72.40000000   2.31974725   0.76574377   2.98379542
 72.60000000   2.33256556  -0.74582136   2.99855580
 72.80000000   1.45230679  -1.97928860   3.01338919
 73.00000000   0.01160453  -2.46098705   3.02829596
 73.20000000  -1.44066803  -2.00275524   3.04327647
 73.40000000  -2.34849228  -0.77540068   3.05833109
 73.60000000  -2.36156855   0.75492672   3.07346018
 73.80000000  -1.47046376   2.00376260   3.08866411
 74.00000000  -0.01190952   2.49153460   3.10394326
 74.20000000   1.45842012   2.02770972   3.11929798
 74.40000000   2.37759348   0.78517933   3.13472867
 74.60000000   2.39093214  -0.76414321   3.15023569
 74.80000000   1.48884771  -2.02853921   3.16581942
 75.00000000   0.01222029  -2.52246132   3.18148024
 75.20000000  -1.47639093  -2.05297512   3.19721853
 75.40000000  -2.40705528  -0.79508127   3.21303467
 75.60000000  -2.42066084   0.77347219   3.22892906
 75.80000000  -1.50746148   2.05362217   3.24490207
 76.00000000  -0.01253694   2.55377192   3.26095410
 76.20000000   1.49458317   2.07855532   3.27708554
 76.40000000   2.43688214   0.80510805   3.29329677
 76.60000000   2.45075916  -0.78291503   3.30958820
 76.80000000   1.52630795  -2.07901527   3.32596022
 77.00000000   0.01285957  -2.58547116   3.34241323
 77.20000000  -1.51299955  -2.10445424   3.35894764
 77.40000000  -2.46707859  -0.81526125   3.37556383
 77.60000000  -2.48123171   0.79247311   3.39226222
 77.80000000  -1.54539002   2.10472234   3.40904322
 78.00000000  -0.01318827   2.61756385   3.42590723
 78.20000000   1.53164284   2.13067584   3.44285466
 78.40000000   2.49764920   0.82554245   3.45988593
 78.60000000   2.51208315  -0.80214784   3.47700145
 78.80000000   1.56471064  -2.13074726   3.49420164
 79.00000000   0.01352316  -2.65005490   3.51148692
 79.20000000  -1.55051584  -2.15722415   3.52885770
 79.40000000  -2.52859862  -0.83595327   3.54631442
 79.60000000  -2.54331818   0.81194065   3.56385749
 79.80000000  -1.58427279   2.15709397   3.58148734
 80.00000000  -0.01386432   2.68294923   3.59920440
 80.20000000   1.56962137   2.18410325   3.61700911
 80.40000000   2.55993153   0.84649535   3.63490189
 80.60000000   2.57494157  -0.82185297   3.65288319
 80.80000000   1.60407948  -2.18376645   3.67095344
 81.00000000   0.01421187  -2.71625186   3.68911308
 81.20000000  -1.58896230  -2.21131724   3.70736255
 81.40000000  -2.59165268  -0.85717033   3.72570230
 81.60000000  -2.60695815   0.83188627   3.74413278
 81.80000000  -1.62413378   2.21076871   3.76265442
 82.00000000  -0.01456592   2.74996786   3.78126769
 82.20000000   1.60854153   2.23887030   3.79997304
 82.40000000   2.62376690   0.86797990   3.81877092
 82.60000000   2.63937281  -0.84204202   3.83766179
 82.80000000   1.64443878  -2.23810485   3.85664611
 83.00000000   0.01492656  -2.78410235   3.87572434
 83.20000000  -1.62836199  -2.26676667   3.89489695
 83.40000000  -2.65627904  -0.87892574   3.91416440
 83.60000000  -2.67219049   0.85232171   3.93352717
 83.80000000  -1.66499762   2.26577898   3.95298572
 84.00000000  -0.01529391   2.81866052   3.97254053
 84.20000000   1.64842667   2.29501060   3.99219207
 84.40000000   2.68919404   0.89000959   4.01194083
 84.60000000   2.70541622  -0.86272686   4.03178728
 84.80000000   1.68581346  -2.29379528   4.05173191
 85.00000000   0.01566809  -2.85364765   4.07177520
 85.20000000  -1.66873856  -2.32360645   4.09191764
 85.40000000  -2.72251689  -0.90123317   4.11215973
 85.60000000  -2.73905506   0.87325899   4.13250195
 85.80000000  -1.70688952   2.32215799   4.15294479
 86.00000000  -0.01604919   2.88906905   4.17348877
 86.20000000   1.68930071   2.35255858   4.19413437
 86.40000000   2.75625265   0.91259825   4.21488211
 86.60000000   2.77311215  -0.88391966   4.23573248
 86.80000000   1.72822906  -2.35087139   4.25668599
 87.00000000   0.01643734  -2.92493011   4.27774316
 87.20000000  -1.71011621  -2.38187144   4.29890450
 87.40000000  -2.79040642  -0.92410661   4.32017051
 87.60000000  -2.80759269   0.89471043   4.34154173
 87.80000000  -1.74983536   2.37993982   4.36301866
 88.00000000  -0.01683266   2.96123629   4.38460184
 88.20000000   1.73118817   2.41154952   4.40629179
 88.40000000   2.82498340   0.93576005   4.42808903
 88.60000000   2.84250194  -0.90563290   4.44999411
 88.80000000   1.77171176  -2.40936766   4.47200754
 89.00000000   0.01723526  -2.99799311   4.49412987
 89.20000000  -1.75251976  -2.44159738   4.51636164
 89.40000000  -2.85998881  -0.94756041   4.53870338
 89.60000000  -2.87784523   0.91668866   4.56115564
 89.80000000  -1.79386164   2.43915936   4.58371897
 90.00000000  -0.01764525   3.03520617   4.60639392
 90.20000000   1.77411418   2.47201961   4.62918104
 90.40000000   2.89542798   0.95950954   4.65208089
 90.60000000   2.91362797  -0.92787935   4.67509401
 90.80000000   1.81628842  -2.46931941   4.69822098
 91.00000000   0.01806277  -3.07288113   4.72146235
 91.20000000  -1.79597466  -2.50282089   4.74481870
 91.40000000  -2.93130628  -0.97160932   4.76829058
 91.60000000  -2.94985561   0.93920661   4.79187858
 91.80000000  -1.83899555   2.49985238   4.81558326
 92.00000000  -0.01848794   3.11102372   4.83940521
 92.20000000   1.81810447   2.53400594   4.86334500
 92.40000000   2.96762914   0.98386163   4.88740321
 92.60000000   2.98653368  -0.95067210   4.91158044
 92.80000000   1.86198654  -2.53076286   4.93587727
 93.00000000   0.01892088  -3.14963975   4.96029429
 93.20000000  -1.84050695  -2.56557954   4.98483210
 93.40000000  -3.00440208  -0.99626841   5.00949129
 93.60000000  -3.02366779   0.96227752   5.03427247
 93.80000000  -1.88526494   2.56205554   5.05917624
 94.00000000  -0.01936172   3.18873510   5.08420320
 94.20000000   1.86318545   2.59754652   5.10935397
 94.40000000   3.04163067   1.00883160   5.13462916
 94.60000000   3.06126361  -0.97402457   5.16002937
 94.80000000   1.90883434  -2.59373513   5.18555524
 95.00000000   0.01981059  -3.22831571   5.21120738
 95.20000000  -1.88614336  -2.62991180   5.23698642
 95.40000000  -3.07932056  -1.02155317   5.26289298
 95.60000000  -3.09932687   0.98591497   5.28892770
 95.80000000  -1.93269839   2.62580642   5.31509121
 96.00000000  -0.02026762   3.26838760   5.34138414
 96.20000000   1.90938414   2.66268032   5.36780714
 96.40000000   3.11747746   1.03443511   5.39436086
 96.60000000   3.13786339  -0.99795048   5.42104592
 96.80000000   1.95686075  -2.65827425   5.44786300
 97.00000000   0.02073294  -3.30895688   5.47481274
 97.20000000  -1.93291126  -2.69585713   5.50189579
 97.40000000  -3.15610716  -1.04747946   5.52911282
 97.60000000  -3.17687906   1.01013287   5.55646448
 97.80000000  -1.98132517   2.69114353   5.58395146
 98.00000000  -0.02120669   3.35002971   5.61157440
 98.20000000   1.95672825   2.72944730   5.63933399
 98.40000000   3.19521552   1.06068825   5.66723091
 98.60000000   3.21637982  -1.02246393   5.69526582
 98.80000000   2.00609541  -2.72441921   5.72343942
 99.00000000   0.02168901  -3.39161236   5.75175239
 99.20000000  -1.98083869  -2.76345598   5.78020542
 99.40000000  -3.23480847  -1.07406357   5.80879920
 99.60000000  -3.25637171   1.03494547   5.83753444
 99.80000000  -2.03117531   2.75810632   5.86641182
100.00000000  -0.02218003   3.43371113   5.89543205
100.20000000   2.00524618   2.79788839   5.92459584
100.40000000   3.27489202   1.08760750   5.95390390
100.60000000   3.29686084  -1.04757933   5.98335694
100.80000000   2.05656872  -2.79220996   6.01295568
101.00000000   0.02267990  -3.47633245   6.04270085
101.20000000  -2.02995440  -2.83274980   6.07259315
101.40000000  -3.31547224  -1.10132217   6.10263333
101.60000000  -3.33785339   1.06036737   6.13282212
101.80000000  -2.08227958   2.82673526   6.16316024
102.00000000  -0.02318876   3.51948280   6.19364844
102.20000000   2.05496704   2.86804557   6.22428746
102.40000000   3.35655528   1.11520973   6.25507805
102.60000000   3.37935562  -1.07331146   6.28602096
102.80000000   2.10831184  -2.86168745   6.31711693
103.00000000   0.02370677  -3.56316874   6.34836673
103.20000000  -2.08028786  -2.90378110   6.37977112
103.40000000  -3.39814738  -1.12927237   6.41133086
103.60000000  -3.42137387   1.08641351   6.44304672
103.80000000  -2.13466953   2.89707179   6.47491948
104.00000000  -0.02423406   3.60739692   6.50694991
104.20000000   2.10592064   2.93996187   6.53913878
104.40000000   3.44025485   1.14351229   6.57148689
104.60000000   3.46391454  -1.09967546   6.60399502
104.80000000   2.16135670  -2.93289364   6.63666396
105.00000000   0.02477078  -3.65217407   6.66949451
105.20000000  -2.13186924  -2.97659343   6.70248747
105.40000000  -3.48288406  -1.15793173   6.73564364
105.60000000  -3.50698414   1.11309924   6.76896383
105.80000000  -2.18837750   2.96915840   6.80244885
106.00000000  -0.02531710   3.69750701   6.83609951
106.20000000   2.15813755   3.01368140   6.86991664
106.40000000   3.52604149   1.17253294   6.90390106
106.60000000   3.55058924  -1.12668683   6.93805359
106.80000000   2.21573607  -3.00587156   6.97237507
107.00000000   0.02587316  -3.74340263   7.00686633
107.20000000  -2.18472950  -3.05123146   7.04152821
107.40000000  -3.56973368  -1.18731822   7.07636156
107.60000000  -3.59473650   1.14044024   7.11136723
107.80000000  -2.24343664   3.04303864   7.14654607
108.00000000  -0.02643913   3.78986792   7.18189892
108.20000000   2.21164908   3.08924937   7.21742667
108.40000000   3.61396726   1.20228988   7.25313016
108.60000000   3.63943266  -1.15436148   7.28901028
108.80000000   2.27148350  -3.08066527   7.32506788
109.00000000   0.02701516  -3.83690994   7.36130386
109.20000000  -2.23890033  -3.12774096   7.39771909
109.40000000  -3.65874893  -1.21745029   7.43431447
109.60000000  -3.68468455   1.16845261   7.47109087
109.80000000  -2.29988096   3.11875712   7.50804920
110.00000000  -0.02760142   3.88453587   7.54519036
110.20000000   2.26648733   3.16671212   7.58251525
110.40000000   3.70408549   1.23280180   7.62002478
110.60000000   3.73049907  -1.18271568   7.65771987
110.80000000   2.32863341  -3.15731995   7.69560143
111.00000000   0.02819807  -3.93275293   7.73367038
111.20000000  -2.29441423  -3.20616884   7.77192765
111.40000000  -3.74998380  -1.24834684   7.81037417
111.60000000  -3.77688323   1.19715281   7.84901089
111.80000000  -2.35774529   3.19635959   7.88783873
112.00000000  -0.02880528   3.98156848   7.92685865
112.20000000   2.32268520   3.24611717   7.96607160
112.40000000   3.79645084   1.26408785   8.00547852
112.60000000   3.82384409  -1.21176612   8.04508038
112.80000000   2.38722109  -3.23588192   8.08487815
113.00000000   0.02942322  -4.03098994   8.12487280
113.20000000  -2.35130448  -3.28656322   8.16506529
113.40000000  -3.84349364  -1.28002728   8.20545660
113.60000000  -3.87138884   1.22655775   8.24604773
113.80000000  -2.41706536   3.27589291   8.28683965
114.00000000  -0.03005206   4.08102482   8.32783337
114.20000000   2.38027637   3.32751321   8.36902987
114.40000000   3.89111934   1.29616765   8.41043017
114.60000000   3.91952473  -1.24152988   8.45203527
114.80000000   2.44728270  -3.31639861   8.49384618
115.00000000   0.03069198  -4.13168075   8.53586392
115.20000000  -2.40960522  -3.36897340   8.57808952
115.40000000  -3.93933517  -1.31251149   8.62052401
115.60000000  -3.96825911   1.25668471   8.66316841
115.80000000  -2.47787778   3.35740513   8.70602376
116.00000000  -0.03134315   4.18296544   8.74909111
116.20000000   2.43929541   3.41095015   8.79237152
116.40000000   3.98814844   1.32906135   8.83586602
116.60000000   4.01759942  -1.27202447   8.87957568
116.80000000   2.50885532  -3.39891867   8.92350157
117.00000000   0.03200577  -4.23488667   8.96764475
117.20000000  -2.46935140  -3.45344991   9.01200631
117.40000000  -4.03756654  -1.34581984   9.05658731
117.60000000  -4.06755320   1.28755142   9.10138885
117.80000000  -2.54022010   3.44094549   9.14641201
118.00000000  -0.03268000   4.28745237   9.19165790
118.20000000   2.49977770   3.49647918   9.23712761
118.40000000   4.08759698   1.36278959   9.28282225
118.60000000   4.11812807  -1.30326783   9.32874294
118.80000000   2.57197696  -3.48349194   9.37489079
119.00000000   0.03336604  -4.34067052   9.42126692
119.20000000  -2.53057887  -3.54004457   9.46787247
119.40000000  -4.13824733  -1.37997325   9.51470858
119.60000000  -4.16933176   1.31917603   9.56177637
119.80000000  -2.60413080   3.52656445   9.60907700
120.00000000  -0.03406407   4.39454922   9.65661162
120.20000000   2.56175952   3.58415275   9.70438138
120.40000000   4.18952529   1.39737353   9.75238746
120.60000000   4.22117208  -1.33527835   9.80063101
120.80000000   2.63668658  -3.57016951   9.84911322
121.00000000   0.03477430  -4.44909668   9.89783526
121.20000000  -2.59332434  -3.62881048   9.94679832
121.40000000  -4.24143862  -1.41499315   9.99600359
121.60000000  -4.27365695   1.35157716  10.04545228
121.80000000  -2.66964933   3.61431371  10.09514558
122.00000000  -0.03549690   4.50432119  10.14508470
122.20000000   2.62527805   3.67402462  10.19527087
122.40000000   4.29399520   1.43283488  10.24570530
122.60000000   4.32679438  -1.36807485  10.29638922
122.80000000   2.70302414  -3.65900372  10.34732387
123.00000000   0.03623209  -4.56023116  10.39851048
123.20000000  -2.65762545  -3.71980209  10.44995030
123.40000000  -4.34720301  -1.45090152  10.50164459
123.60000000  -4.38059249   1.38477385  10.55359460
123.80000000  -2.73681615   3.70424629  10.60580160
124.00000000  -0.03698006   4.61683509  10.65826687
124.20000000   2.69037138   3.76614991  10.71099166
124.40000000   4.40107010   1.46919589  10.76397729
124.60000000   4.43505949  -1.40167663  10.81722502
124.80000000   2.77103058  -3.75004824  10.87073616
125.00000000   0.03774102  -4.67414159  10.92451201
125.20000000  -2.72352076  -3.81307519  10.97855388
125.40000000  -4.45560465  -1.48772088  11.03286309
125.60000000  -4.49020369   1.41878565  11.08744096
125.80000000  -2.80567271   3.79641650  11.14228882
126.00000000  -0.03851517   4.73215940  11.19740800
126.20000000   2.75707855   3.86058513  11.25279984
126.40000000   4.51081492   1.50647939  11.30846571
126.60000000   4.54603352  -1.43610344  11.36440694
126.80000000   2.84074789  -3.84335807  11.42062490
127.00000000   0.03930272  -4.79089733  11.47712097
127.20000000  -2.79104979  -3.90868700  11.53389651
127.40000000  -4.56670930  -1.52547436  11.59095291
127.60000000  -4.60255750   1.45363255  11.64829157
127.80000000  -2.87626153   3.89088002  11.70591387
128.00000000  -0.04010389   4.85036433  11.76382121
128.20000000   2.82543957   3.95738818  11.82201502
128.40000000   4.62329625   1.54470876  11.88049670
128.60000000   4.65978426  -1.47137555  11.93926768
128.80000000   2.91221910  -3.93898955  11.99832939
129.00000000   0.04091890  -4.91056944  12.05768327
129.20000000  -2.86025305  -4.00669615  12.11733077
129.40000000  -4.68058436  -1.56418563  12.17727333
129.60000000  -4.71772254   1.48933505  12.23751242
129.80000000  -2.94862617   3.98769391  12.29804950
130.00000000  -0.04174796   4.97152182  12.35888605
130.20000000   2.89549545   4.05661845  12.42002355
130.40000000   4.73858232   1.58390801  12.48146349
130.60000000   4.77638118  -1.50751370  12.54320736
130.80000000   2.98548834  -4.03700046  12.60525667
131.00000000   0.04259129  -5.03323075  12.66761292
131.20000000  -2.93117204  -4.10716274  12.73027765
131.40000000  -4.79729892  -1.60387899  12.79325236
131.60000000  -4.83576914   1.52591416  12.85653861
131.80000000  -3.02281131   4.08691664  12.92013791
132.00000000  -0.04344913   5.09570563  12.98405184
132.20000000   2.96728818   4.15833677  13.04828194
132.40000000   4.85674306   1.62410172  13.11282977
132.60000000   4.89589549  -1.54453914  13.17769691
132.80000000   3.06060083  -4.13744999  13.24288494
133.00000000   0.04432170  -5.15895595  13.30839545
133.20000000  -3.00384929  -4.21014839  13.37423002
133.40000000  -4.91692376  -1.64457936  13.44039027
133.60000000  -4.95676941   1.56339139  13.50687781
133.80000000  -3.09886274   4.18860814  13.57369424
134.00000000  -0.04520925   5.22299134  13.64084121
134.20000000   3.04086085   4.26260554  13.70832034
134.40000000   4.97785015   1.66531512  13.77613329
134.60000000   5.01840019  -1.58247366  13.84428169
134.80000000   3.13760295  -4.24039882  13.91276721
135.00000000   0.04611199  -5.28782155  13.98159152
135.20000000  -3.07832840  -4.31571626  14.05075629
135.40000000  -5.03953146  -1.68631226  14.12026321
135.60000000  -5.08079725   1.60178878  14.19011397
135.80000000  -3.17682742   4.29282985  14.26031027
136.00000000  -0.04703018   5.35345644  14.33085382
136.20000000   3.11625756   4.36948870  14.40174634
136.40000000   5.10197706   1.70757408  14.47298955
136.60000000   5.14397010  -1.62133957  14.54458520
136.80000000   3.21654222  -4.34590913  14.61653501
137.00000000   0.04796406  -5.41990599  14.68884075
137.20000000  -3.15465402  -4.42393110  14.76150418
137.40000000  -5.16519640  -1.72910390  14.83452706
137.60000000  -5.20792840   1.64112892  14.90791117
137.80000000  -3.25675347   4.39964470  14.98165830
138.00000000  -0.04891388   5.48718033  15.05577025
138.20000000   3.19352354   4.47905180  15.13024882
138.40000000   5.22919907   1.75090510  15.20509582
138.60000000   5.27268191  -1.66115973  15.28031308
138.80000000   3.29746737  -4.45404465  15.35590243
139.00000000   0.04987989  -5.55528968  15.43186570
139.20000000  -3.23287194  -4.53485926  15.50820476
139.40000000  -5.29399479  -1.77298111  15.58492145
139.60000000  -5.33824052   1.68143495  15.66201765
139.80000000  -3.33869022   4.50911722  15.73949523
140.00000000  -0.05086234   5.62424441  15.81735608
140.20000000   3.27270512   4.59136204  15.89560209
140.40000000   5.35959338   1.79533539  15.97423518
140.60000000   5.40461423  -1.70195756  16.05325725
140.80000000   3.38042837  -4.56487070  16.13267023
141.00000000   0.05186150  -5.69405501  16.21247606
141.20000000  -3.31302906  -4.64856879  16.29267667
141.40000000  -5.42600478  -1.81797145  16.37327403
141.60000000  -5.47181318   1.72273058  16.45427008
141.80000000  -3.42268826   4.62131353  16.53566681
142.00000000  -0.05287763   5.76473212  16.61746620
142.20000000   3.35384981   4.70648828  16.69967024
142.40000000   5.49323907   1.84089282  16.78228093
142.60000000   5.53984764  -1.74375705  16.86530028
142.80000000   3.46547642  -4.67845421  16.94873031
143.00000000   0.05391099  -5.83628647  17.03257306
143.20000000  -3.39517347  -4.76512940  17.11683057
143.40000000  -5.56130644  -1.86410312  17.20150488
143.60000000  -5.60872799   1.76504008  17.28659807
143.80000000  -3.50879944   4.73630139  17.37211220
144.00000000  -0.05496186   5.90872896  17.45804935
144.20000000   3.43700625   4.82450114  17.54441162
144.40000000   5.63021722   1.88760598  17.63120111
144.60000000   5.67846474  -1.78658280  17.71841994
144.80000000   3.55266402  -4.79486380  17.80607023
145.00000000   0.05603051  -5.98207061  17.89415410
145.20000000  -3.47935442  -4.88461260  17.98267372
145.40000000  -5.69998185  -1.91140509  18.07163123
145.60000000  -5.74906854   1.80838836  18.16102879
145.80000000  -3.59707692   4.85415027  18.25086860
146.00000000  -0.05711722   6.05632259  18.34115282
146.20000000   3.52222433   4.94547299  18.43188367
146.40000000   5.77061091   1.93550418  18.52306335
146.60000000   5.82055018  -1.83045998  18.61469408
146.80000000   3.64204499  -4.91416976  18.70677810
147.00000000   0.05822227  -6.13149618  18.79931764
147.20000000  -3.56562240  -5.00709165  18.89231495
147.40000000  -5.84211512  -1.95990703  18.98577232
147.60000000  -5.89292057   1.85280090  19.07969200
147.80000000  -3.68757518   4.97493134  19.17407628
148.00000000  -0.05934596   6.20760284  19.26892748
148.20000000   3.60955515   5.06947802  19.36424788
148.40000000   5.91450532   1.98461747  19.46003982
148.60000000   5.96619075  -1.87541441  19.55630563
148.80000000   3.73367452  -5.03644417  19.65304765
149.00000000   0.06048858  -6.28465414  19.75026824
149.20000000  -3.65402915  -5.13264167  19.84796977
149.40000000  -5.98779248  -2.00963938  19.94615461
149.60000000  -6.04037192   1.89830382  20.04482515
149.80000000  -3.78035010   5.09871755  20.14398380
150.00000000  -0.06165041   6.36266180  20.24363298
150.20000000   3.69905108   5.19659228  20.34377510
150.40000000   6.06198772   2.03497667  20.44441261
150.60000000   6.11547539  -1.92147252  20.54554796
150.80000000   3.82760915  -5.16176088  20.64718361
151.00000000   0.06283177  -6.44163770  20.74932204
151.20000000  -3.74462769  -5.26133965  20.85196573
151.40000000  -6.13710230  -2.06063333  20.95511718
151.60000000  -6.19151265   1.94492389  21.05877890
151.80000000  -3.87545894   5.22558368  21.16295343
152.00000000  -0.06403296   6.52159385  21.26764329
152.20000000   3.79076581   5.32689372  21.37285103
152.40000000   6.21314759   2.08661338  21.47857922
152.60000000   6.26849529  -1.96866140  21.58483044
152.80000000   3.92390688  -5.29019559  21.69160726
153.00000000   0.06525429  -6.60254242  21.79891228
153.20000000  -3.83747235  -5.39326452  21.90674813
153.40000000  -6.29013514  -2.11292090  22.01511743
153.60000000  -6.34643507   1.99268852  22.12402281
153.80000000  -3.97296042   5.35560635  22.23346694
154.00000000  -0.06649607   6.68449573  22.34345246
154.20000000   3.88475432   5.46046225  22.45398207
154.40000000   6.36807662   2.13956000  22.56505845
154.60000000   6.42534389  -2.01700880  22.67668430
154.80000000   4.02262714  -5.42182585  22.78886235
155.00000000   0.06775863  -6.76746625  22.90159533
155.20000000  -3.93261882  -5.52849719  23.01488599
155.40000000  -6.44698385  -2.16653488  23.12873707
155.60000000  -6.50523380   2.04162581  23.24315136
155.80000000  -4.07291471   5.48886409  23.35813164
156.00000000  -0.06904228   6.85146660  23.47368070
156.20000000   3.98107300   5.59737979  23.58980137
156.40000000   6.52686879   2.19384975  23.70649647
156.60000000   6.58611699  -2.06654316  23.82376885
156.80000000   4.12383088  -5.55673119  23.94162135
157.00000000   0.07034737  -6.93650957  24.06005685
157.20000000  -4.03012415  -5.66712059  24.17907823
157.40000000  -6.60774356  -2.22150891  24.29868840
157.60000000  -6.66800583   2.09176452  24.41889025
157.80000000  -4.17538352   5.62543740  24.53968673
158.00000000  -0.07167421   7.02260809  24.66108077
158.20000000   4.07977961   5.73773030  24.78307532
158.40000000   6.68962042   2.24951669  24.90567336
158.60000000   6.75091279  -2.11729361  25.02887788
158.80000000   4.22758057  -5.69499309  25.15269187
159.00000000   0.07302315  -7.10977527  25.27711835
159.20000000  -4.13004682  -5.80921974  25.40216035
159.40000000  -6.77251179  -2.27787749  25.52782091
159.60000000  -6.83485056   2.14313416  25.65410309
159.80000000  -4.28043010   5.76540876  25.78100998
160.00000000  -0.07439454   7.19802436  25.90854465
160.20000000   4.18093333   5.88159986  26.03671021
160.40000000   6.85643024   2.30659575  26.16550980
160.60000000   6.91983194  -2.16928998  26.29494653
160.80000000   4.33394025  -5.83669504  26.42502357
161.00000000   0.07578872  -7.28736881  26.55574407
161.20000000  -4.23244676  -5.95488177  26.68711123
161.40000000  -6.94138849  -2.33567599  26.81912825
161.60000000  -7.00586990   2.19576492  26.95179833
161.80000000  -4.38811929   5.90886271  27.08512471
162.00000000  -0.07720605   7.37782221  27.21911064
162.20000000   4.28459484   6.02907670  27.35375937
162.40000000   7.02739943   2.36512275  27.48907419
162.60000000   7.09297759  -2.22256287  27.62505839
162.80000000   4.44297557  -5.98192265  27.76171529
163.00000000   0.07864689  -7.46939831  27.89904820
163.20000000  -4.33738538  -6.10419602  28.03706048
163.40000000  -7.11447610  -2.39494066  28.17575549
163.60000000  -7.18116830   2.24968777  28.31513659
163.80000000  -4.49851757   6.05588590  28.45520720
164.00000000  -0.08011161   7.56211105  28.59597071
164.20000000   4.39082630   6.18025125  28.73743056
164.40000000   7.20263171   2.42513439  28.87959018
164.60000000   7.27045550  -2.27714360  29.02245305
164.80000000   4.55475384  -6.13076363  29.16602264
165.00000000   0.08160057  -7.65597455  29.31030245
165.20000000  -4.44492561  -6.25725406  29.45529599
165.40000000  -7.29187962  -2.45570869  29.60100678
165.60000000  -7.36085282   2.30493440  29.74743839
165.80000000  -4.61169308   6.20656714  29.89459437
166.00000000  -0.08311415   7.75100307  30.04247831
166.20000000   4.49969141   6.33521624  30.19109380
166.40000000   7.38223337   2.48666834  30.34044448
166.60000000   7.45237406  -2.33306425  30.49053397
166.80000000   4.66934406  -6.28330788  30.64136593
167.00000000   0.08465273  -7.84721109  30.79294403
167.20000000  -4.55513194  -6.41414975  30.94527196
167.40000000  -7.47370666  -2.51801820  31.09835344
167.60000000  -7.54503320   2.36153730  31.25219219
167.80000000  -4.72771569   6.36099743  31.40679195
168.00000000  -0.08621670   7.94461325  31.56215650
168.20000000   4.61125548   6.49406669  31.71828961
168.40000000   7.56631336   2.54976319  31.87519508
168.60000000   7.63884438  -2.39035773  32.03287675
168.80000000   4.78681696  -6.43964753  32.19133844
169.00000000   0.08780646  -8.04322436  32.35058401
169.20000000  -4.66807046  -6.57497931  32.51061735
169.40000000  -7.66006751  -2.58190829  32.67144235
169.60000000  -7.73382192   2.41952977  32.83306293
169.80000000  -4.84665700   6.51927005  32.99548302
170.00000000  -0.08942239   8.14305942  33.15870657
170.20000000   4.72558540   6.65690001  33.32273757
170.40000000   7.75498334   2.61445854  33.48758000
170.60000000   7.82998034  -2.44905771  33.65323788
170.80000000   4.90724505  -6.59987701  33.81971525
171.00000000   0.09106492  -8.24413364  33.98701615
171.20000000  -4.78380891  -6.73984137  34.15514467
171.40000000  -7.85107522  -2.64741904  34.32410489
171.60000000  -7.92733430   2.47894590  34.49390093
171.80000000  -4.96859045   6.68148059  34.66453693
172.00000000  -0.09273444   8.34646239  34.83601703
172.20000000   4.84274973   6.82381608  35.00834543
172.40000000   7.94835775   2.68079497  35.18152630
172.60000000   8.02589867  -2.50919872  35.35556387
172.80000000   5.03070267  -6.76409310  35.53046238
173.00000000   0.09443138  -8.45006124  35.70622609
173.20000000  -4.90241669  -6.90883703  35.88285927
173.40000000  -8.04684566  -2.71459156  36.06036623
173.60000000  -8.12568851   2.53982063  36.23875129
173.80000000  -5.09359129   6.84772702  36.41801879
174.00000000  -0.09615616   8.55494595  36.59817310
174.20000000   4.96281875   6.99491725  36.77921861
174.40000000   8.14655390   2.74881410  36.96115972
174.60000000   8.22671904  -2.57081612  37.14400086
174.80000000   5.15726602  -6.93239498  37.32774649
175.00000000   0.09790921  -8.66113249  37.51240108
175.20000000  -5.02396494  -7.08206993  37.69796914
175.40000000  -8.24749758  -2.78346797  37.88445516
175.60000000  -8.32900570   2.60218975  38.07186371
175.80000000  -5.22173668   7.01810977  38.26019933
176.00000000  -0.09969096   8.76863701  38.44946662
176.20000000   5.08586444   7.17030845  38.63967019
176.40000000   8.34969201   2.81855860  38.83081467
176.60000000   8.43256409  -2.63394614  39.02290471
176.80000000   5.28701322  -7.10488432  39.21594499
177.00000000   0.10150186  -8.87747587  39.40994021
177.20000000  -5.14852654  -7.25964632  39.60489509
177.40000000  -8.45315269  -2.85409150  39.80081438
177.60000000  -8.53741004   2.66608994  39.99770286
177.80000000  -5.35310572   7.19273173  40.19556531
178.00000000  -0.10334236   8.98766563  40.39440656
178.20000000   5.21196062   7.35009724  40.59423145
178.40000000   8.55789531   2.89007223  40.79504484
178.60000000   8.64355954  -2.69862589  40.99685162
178.80000000   5.42002437  -7.28166528  41.19965671
179.00000000   0.10521290  -9.09922306  41.40346504
179.20000000  -5.27617619  -7.44167508  41.60828158
179.40000000  -8.66393575  -2.92650645  41.81411132
179.60000000  -8.75102881   2.73155877  42.02095927
179.80000000  -5.48777951   7.37169838  42.22883046
180.00000000  -0.10711397   9.21216514  42.43772996
180.20000000   5.34118289   7.53439388  42.64766285
180.40000000   8.77129009   2.96339985  42.85863424
180.60000000   8.85983425  -2.76489342  43.07064928
180.80000000   5.55638157  -7.46284464  43.28371313
181.00000000   0.10904601  -9.32650904  43.49783097
181.20000000  -5.40699045  -7.62826785  43.71300802
181.40000000  -8.87997461  -3.00075824  43.92924951
181.60000000  -8.96999248   2.79863474  44.14656072
181.80000000  -5.62584116   7.55511781  44.36494693
182.00000000  -0.11100952   9.44227217  44.58441347
182.20000000   5.47360874   7.72331138  44.80496567
182.40000000   8.99000579   3.03858746  45.02660891
182.60000000   9.08152031  -2.83278768  45.24934858
182.80000000   5.69616898  -7.64853183  45.47319012
183.00000000   0.11300497  -9.55947215  45.69813896
183.20000000  -5.54104775  -7.81953905  45.92420059
183.40000000  -9.10140031  -3.07689346  46.15138051
183.60000000  -9.19443477   2.86735728  46.37968426
183.80000000  -5.76737590   7.74310080  46.60911739
184.00000000  -0.11503285   9.67812680  46.83968549
184.20000000   5.60931760   7.91696561  47.07139417
184.40000000   9.21417508   3.11568223  47.30424909
184.60000000   9.30875311  -2.90234860  47.53825589
184.80000000   5.83947289  -7.83883900  47.77342030
185.00000000   0.11709367  -9.79825419  48.00974803
185.20000000  -5.67842850  -8.01560599  48.24724483
185.40000000  -9.32834719  -3.15495986  48.48591649
185.60000000  -9.42449277   2.93776680  48.72576883
185.80000000  -5.91247109   7.93576089  48.96680767
186.00000000  -0.11918792   9.91987258  49.20903890
186.20000000   5.74839084   8.11547532  49.45246841
186.40000000   9.44393395   3.19473252  49.69710213
186.60000000   9.54167142  -2.97361707  49.94294601
186.80000000   5.98638175  -8.03388110  50.19000605
187.00000000   0.12131612 -10.04300049  50.43828825
187.20000000  -5.81921508  -8.21658890  50.68779867
187.40000000  -9.56095289  -3.23500643  50.93854337
187.60000000  -9.66030697   3.00990469  51.19052848
187.80000000  -6.06121629   8.13321445  51.44376011
188.00000000  -0.12347879  10.16765666  51.69824444
188.20000000   5.89091186   8.31896224  51.95398766
188.40000000   9.67942175   3.27578792  52.21099601
188.60000000   9.78041751  -3.04663499  52.46927574
188.80000000   6.13698625  -8.23377593  52.72883314
189.00000000   0.12567646 -10.29386004  52.98967452
189.20000000  -5.96349192  -8.42261103  53.25180625
189.40000000  -9.79935851  -3.31708338  53.51523471
189.60000000  -9.90202139   3.08381337  53.77996630
189.80000000  -6.21370331   8.33558073  54.04600748
190.00000000  -0.12790966  10.42162984  54.31336473
190.20000000   6.03696614   8.52755117  54.58204455
190.40000000   9.92078135   3.35889928  54.85205349
190.60000000  10.02513718  -3.12144530  55.12339812
190.80000000   6.29137933  -8.43864422  55.39608505
191.00000000   0.13017894 -10.55098551  55.67012092
191.20000000  -6.11134553  -8.63379874  55.94551241
191.40000000 -10.04370868  -3.40124219  56.22226621
191.60000000 -10.14978367   3.15953630  56.50038907
191.80000000  -6.37002628   8.54298196  56.77988776
192.00000000  -0.13248485  10.68194673  57.06076909
192.20000000   6.18664125   8.74137002  57.34303990
192.40000000  10.16815914   3.44411874  57.62670705
192.60000000  10.27597989  -3.19809198  57.91177747
192.80000000   6.44965630  -8.64860970  58.19825808
193.00000000   0.13482794 -10.81453342  58.48615587
193.20000000  -6.26286458  -8.85028152  58.77547784
193.40000000 -10.29415160  -3.48753565  59.06623104
193.60000000 -10.40374511   3.23711799  59.35842256
193.80000000  -6.53028168   8.75554340  59.65205950
194.00000000  -0.13720879  10.94876577  59.94714902
194.20000000   6.34002696   8.96054992  60.24369830
194.40000000  10.42170517   3.53149974  60.54171457
194.60000000  10.53309883  -3.27662008  60.84120507
194.80000000   6.61191486  -8.86379919  61.14217711
195.00000000   0.13962797 -11.08466418  61.44463801
195.20000000  -6.41813994  -9.07219213  61.74859514
195.40000000 -10.55083920  -3.57601790  62.05405589
195.60000000 -10.66406081   3.31660405  62.36102772
195.80000000  -6.69456843   8.97339343  62.66951808
196.00000000  -0.14208607  11.22224935  62.97953450
196.20000000   6.49721524   9.18522527  63.29108452
196.40000000  10.68157326   3.62109711  63.60417574
196.60000000  10.79665104  -3.35707578  63.91881576
196.80000000   6.77825515  -9.08434266  64.23501227
197.00000000   0.14458368 -11.36154221  64.55277294
197.20000000  -6.57726471  -9.29966666  64.87210554
197.40000000 -10.81392717  -3.66674443  65.19301782
197.60000000 -10.93088977   3.39804122  65.51551760
197.80000000  -6.86298793   9.19666364  65.83961274
198.00000000  -0.14712140  11.50256396  66.16531113
198.20000000   6.65830035   9.41553386  66.49262069
198.40000000  10.94792102   3.71296704  66.82154941
198.60000000  11.06679748  -3.43950638  67.15210529
198.80000000   6.94877985  -9.31037332  67.48429637
199.00000000   0.14969984 -11.64533604  67.81813076
199.20000000  -6.74033432  -9.53284461  68.15361657
199.40000000 -11.08357511  -3.75977217  68.49076198
199.60000000 -11.20439493   3.48147737  68.82957519
199.80000000  -7.03564415   9.42548887  69.17006446
200.00000000  -0.15231962  11.78988019  69.51223808
