# dT = 0.00025000
# Vi = 1.00000000
# Xi = 0.00000000
# tot_Step =  800001
# print_skip =     800
# method = Euler
#                   t                  vel                  pos                    E
  0.00000000   0.00000000   1.00000000   0.50000000
  0.20000000   0.58793020   0.80921671   0.50024680
  0.40000000   0.95152588   0.30916977   0.50049372
  0.60000000   0.95176089  -0.30924545   0.50074077
  0.80000000   0.58836608  -0.80981555   0.50098793
  1.00000000   0.00000065  -1.00123446   0.50123522
  1.20000000  -0.58865545  -0.81021604   0.50148263
  1.40000000  -0.95270030  -0.30955205   0.50173017
  1.60000000  -0.95293600   0.30962659   0.50197782
  1.80000000  -0.58909292   0.81081486   0.50222560
  2.00000000  -0.00000130   1.00247045   0.50247350
  2.20000000   0.58938160   0.81121660   0.50272152
  2.40000000   0.95387617   0.30993479   0.50296966
  2.60000000   0.95411256  -0.31000819   0.50321793
  2.80000000   0.58982065  -0.81181540   0.50346632
  3.00000000   0.00000195  -1.00370796   0.50371483
  3.20000000  -0.59010864  -0.81221840   0.50396347
  3.40000000  -0.95505350  -0.31031801   0.50421222
  3.60000000  -0.95529058   0.31039027   0.50446110
  3.80000000  -0.59054929   0.81281717   0.50471011
  4.00000000  -0.00000260   1.00494700   0.50495923
  4.20000000   0.59083658   0.81322143   0.50520848
  4.40000000   0.95623227   0.31070170   0.50545785
  4.60000000   0.95647005  -0.31077282   0.50570735
  4.80000000   0.59127883  -0.81382018   0.50595697
  5.00000000   0.00000325  -1.00618757   0.50620671
  5.20000000  -0.59156542  -0.81422570   0.50645657
  5.40000000  -0.95741250  -0.31108587   0.50670656
  5.60000000  -0.95765098   0.31115583   0.50695667
  5.80000000  -0.59200926   0.81482443   0.50720691
  6.00000000  -0.00000390   1.00742967   0.50745726
  6.20000000   0.59229516   0.81523122   0.50770775
  6.40000000   0.95859419   0.31147051   0.50795835
  6.60000000   0.95883336  -0.31153932   0.50820908
  6.80000000   0.59274060  -0.81582991   0.50845993
  7.00000000   0.00000456  -1.00867330   0.50871091
  7.20000000  -0.59302580  -0.81623797   0.50896201
  7.40000000  -0.95977734  -0.31185563   0.50921324
  7.60000000  -0.96001720   0.31192329   0.50946459
  7.80000000  -0.59347285   0.81683664   0.50971606
  8.00000000  -0.00000522   1.00991847   0.50996765
  8.20000000   0.59375734   0.81724597   0.51021938
  8.40000000   0.96096194   0.31224123   0.51047122
  8.60000000   0.96120251  -0.31230772   0.51072319
  8.80000000   0.59420599  -0.81784461   0.51097528
  9.00000000   0.00000588  -1.01116517   0.51122750
  9.20000000  -0.59448978  -0.81825521   0.51147985
  9.40000000  -0.96214801  -0.31262730   0.51173231
  9.60000000  -0.96238928   0.31269263   0.51198490
  9.80000000  -0.59494005   0.81885382   0.51223762
 10.00000000  -0.00000654   1.01241342   0.51249046
 10.20000000   0.59522313   0.81926570   0.51274343
 10.40000000   0.96333554   0.31301385   0.51299652
 10.60000000   0.96357751  -0.31307802   0.51324974
 10.80000000   0.59567501  -0.81986428   0.51350308
 11.00000000   0.00000720  -1.01366320   0.51375654
 11.20000000  -0.59595738  -0.82027744   0.51401013
 11.40000000  -0.96452454  -0.31340087   0.51426385
 11.60000000  -0.96476722   0.31346388   0.51451769
 11.80000000  -0.59641088   0.82087599   0.51477166
 12.00000000  -0.00000787   1.01491453   0.51502575
 12.20000000   0.59669253   0.82129042   0.51527997
 12.40000000   0.96571501   0.31378838   0.51553431
 12.60000000   0.96595839  -0.31385021   0.51578878
 12.80000000   0.59714765  -0.82188894   0.51604338
 13.00000000   0.00000853  -1.01616740   0.51629810
 13.20000000  -0.59742859  -0.82230466   0.51655294
 13.40000000  -0.96690694  -0.31417636   0.51680791
 13.60000000  -0.96715103   0.31423702   0.51706301
 13.80000000  -0.59788534   0.82290315   0.51731823
 14.00000000  -0.00000920   1.01742182   0.51757358
 14.20000000   0.59816557   0.82332015   0.51782906
 14.40000000   0.96810035   0.31456483   0.51808466
 14.60000000   0.96834514  -0.31462431   0.51834039
 14.80000000   0.59862394  -0.82391860   0.51859624
 15.00000000   0.00000987  -1.01867779   0.51885222
 15.20000000  -0.59890345  -0.82433690   0.51910833
 15.40000000  -0.96929523  -0.31495377   0.51936456
 15.60000000  -0.96954073   0.31501208   0.51962092
 15.80000000  -0.59936345   0.82493531   0.51987740
 16.00000000  -0.00001054   1.01993531   0.52013402
 16.20000000   0.59964224   0.82535489   0.52039076
 16.40000000   0.97049158   0.31534320   0.52064762
 16.60000000   0.97073780  -0.31540032   0.52090461
 16.80000000   0.60010387  -0.82595327   0.52116173
 17.00000000   0.00001121  -1.02119438   0.52141898
 17.20000000  -0.60038194  -0.82637415   0.52167635
 17.40000000  -0.97168941  -0.31573310   0.52193385
 17.60000000  -0.97193634   0.31578904   0.52219148
 17.80000000  -0.60084521   0.82697249   0.52244924
 18.00000000  -0.00001189   1.02245500   0.52270712
 18.20000000   0.60112255   0.82739467   0.52296513
 18.40000000   0.97288872   0.31612349   0.52322326
 18.60000000   0.97313636  -0.31617824   0.52348153
 18.80000000   0.60158747  -0.82799297   0.52373992
 19.00000000   0.00001256  -1.02371719   0.52399844
 19.20000000  -0.60186408  -0.82841644   0.52425709
 19.40000000  -0.97408951  -0.31651436   0.52451586
 19.60000000  -0.97433786   0.31656792   0.52477476
 19.80000000  -0.60233064   0.82901471   0.52503379
 20.00000000  -0.00001324   1.02498093   0.52529295
 20.20000000   0.60260652   0.82943948   0.52555223
 20.40000000   0.97529178   0.31690572   0.52581165
 20.60000000   0.97554085  -0.31695809   0.52607119
 20.80000000   0.60307473  -0.83003770   0.52633086
 21.00000000   0.00001392  -1.02624623   0.52659066
 21.20000000  -0.60334988  -0.83046378   0.52685058
 21.40000000  -0.97649554  -0.31729756   0.52711064
 21.60000000  -0.97674532   0.31734873   0.52737082
 21.80000000  -0.60381974   0.83106196   0.52763113
 22.00000000  -0.00001460   1.02751309   0.52789157
 22.20000000   0.60409415   0.83148935   0.52815214
 22.40000000   0.97770078   0.31768988   0.52841284
 22.60000000   0.97795128  -0.31773985   0.52867366
 22.80000000   0.60456567  -0.83208749   0.52893462
 23.00000000   0.00001528  -1.02878151   0.52919570
 23.20000000  -0.60483935  -0.83251618   0.52945691
 23.40000000  -0.97890751  -0.31808269   0.52971825
 23.60000000  -0.97915873   0.31813145   0.52997972
 23.80000000  -0.60531252   0.83311427   0.53024132
 24.00000000  -0.00001597   1.03005150   0.53050305
 24.20000000   0.60558546   0.83354428   0.53076491
 24.40000000   0.98011573   0.31847598   0.53102689
 24.60000000   0.98036767  -0.31852354   0.53128901
 24.80000000   0.60606029  -0.83414233   0.53155125
 25.00000000   0.00001665  -1.03132306   0.53181363
 25.20000000  -0.60633249  -0.83457365   0.53207613
 25.40000000  -0.98132543  -0.31886976   0.53233877
 25.60000000  -0.98157810   0.31891611   0.53260153
 25.80000000  -0.60680899   0.83517166   0.53286442
 26.00000000  -0.00001734   1.03259619   0.53312745
 26.20000000   0.60708045   0.83560429   0.53339060
 26.40000000   0.98253664   0.31926403   0.53365388
 26.60000000   0.98279003  -0.31930917   0.53391729
 26.80000000   0.60755861  -0.83620225   0.53418084
 27.00000000   0.00001803  -1.03387089   0.53444451
 27.20000000  -0.60782932  -0.83663620   0.53470831
 27.40000000  -0.98374933  -0.31965878   0.53497225
 27.60000000  -0.98400345   0.31970271   0.53523631
 27.80000000  -0.60830916   0.83723412   0.53550050
 28.00000000  -0.00001872   1.03514716   0.53576483
 28.20000000   0.60857912   0.83766939   0.53602928
 28.40000000   0.98496353   0.32005403   0.53629387
 28.60000000   0.98521837  -0.32009673   0.53655858
 28.80000000   0.60906064  -0.83826726   0.53682343
 29.00000000   0.00001942  -1.03642501   0.53708840
 29.20000000  -0.60932985  -0.83870386   0.53735351
 29.40000000  -0.98617922  -0.32044976   0.53761875
 29.60000000  -0.98643480   0.32049124   0.53788412
 29.80000000  -0.60981304   0.83930167   0.53814962
 30.00000000  -0.00002011   1.03770444   0.53841525
 30.20000000   0.61008150   0.83973960   0.53868102
 30.40000000   0.98739641   0.32084598   0.53894691
 30.60000000   0.98765272  -0.32088624   0.53921294
 30.80000000   0.61056638  -0.84033736   0.53947909
 31.00000000   0.00002081  -1.03898545   0.53974538
 31.20000000  -0.61083408  -0.84077662   0.54001180
 31.40000000  -0.98861511  -0.32124269   0.54027835
 31.60000000  -0.98887215   0.32128172   0.54054503
 31.80000000  -0.61132064   0.84137433   0.54081185
 32.00000000  -0.00002150   1.04026803   0.54107879
 32.20000000   0.61158759   0.84181492   0.54134587
 32.40000000   0.98983531   0.32163989   0.54161308
 32.60000000   0.99009308  -0.32167769   0.54188042
 32.80000000   0.61207584  -0.84241258   0.54214789
 33.00000000   0.00002220  -1.04155221   0.54241550
 33.20000000  -0.61234203  -0.84285450   0.54268324
 33.40000000  -0.99105701  -0.32203758   0.54295110
 33.60000000  -0.99131552   0.32207415   0.54321911
 33.80000000  -0.61283197   0.84345211   0.54348724
 34.00000000  -0.00002290   1.04283796   0.54375551
 34.20000000   0.61309739   0.84389537   0.54402391
 34.40000000   0.99228023   0.32243577   0.54429244
 34.60000000   0.99253947  -0.32247110   0.54456110
 34.80000000   0.61358903  -0.84449292   0.54482990
 35.00000000   0.00002361  -1.04412530   0.54509883
 35.20000000  -0.61385369  -0.84493752   0.54536789
 35.40000000  -0.99350495  -0.32283444   0.54563708
 35.60000000  -0.99376493   0.32286853   0.54590641
 35.80000000  -0.61434703   0.84553502   0.54617587
 36.00000000  -0.00002431   1.04541424   0.54644546
 36.20000000   0.61461092   0.84598096   0.54671519
 36.40000000   0.99473119   0.32323361   0.54698505
 36.60000000   0.99499190  -0.32326646   0.54725504
 36.80000000   0.61510596  -0.84657840   0.54752517
 37.00000000   0.00002502  -1.04670476   0.54779543
 37.20000000  -0.61536909  -0.84702569   0.54806582
 37.40000000  -0.99595893  -0.32363328   0.54833635
 37.60000000  -0.99622039   0.32366488   0.54860701
 37.80000000  -0.61586583   0.84762307   0.54887780
 38.00000000  -0.00002572   1.04799688   0.54914873
 38.20000000   0.61612819   0.84807171   0.54941979
 38.40000000   0.99718820   0.32403343   0.54969098
 38.60000000   0.99745039  -0.32406378   0.54996231
 38.80000000   0.61662664  -0.84866903   0.55023377
 39.00000000   0.00002643  -1.04929059   0.55050537
 39.20000000  -0.61688823  -0.84911902   0.55077710
 39.40000000  -0.99841898  -0.32443408   0.55104897
 39.60000000  -0.99868192   0.32446318   0.55132096
 39.80000000  -0.61738840   0.84971628   0.55159310
 40.00000000  -0.00002715   1.05058590   0.55186536
 40.20000000   0.61764921   0.85016763   0.55213777
 40.40000000   0.99965128   0.32483523   0.55241030
 40.60000000   0.99991496  -0.32486307   0.55268297
 40.80000000   0.61815109  -0.85076483   0.55295578
 41.00000000   0.00002786  -1.05188281   0.55322872
 41.20000000  -0.61841112  -0.85121752   0.55350179
 41.40000000  -1.00088510  -0.32523687   0.55377500
 41.60000000  -1.00114953   0.32526346   0.55404835
 41.80000000  -0.61891472   0.85181466   0.55432183
 42.00000000  -0.00002857   1.05318131   0.55459544
 42.20000000   0.61917397   0.85226872   0.55486919
 42.40000000   1.00212044   0.32563901   0.55514307
 42.60000000   1.00238562  -0.32566434   0.55541709
 42.80000000   0.61967930  -0.85286580   0.55569125
 43.00000000   0.00002929  -1.05448143   0.55596554
 43.20000000  -0.61993777  -0.85332121   0.55623997
 43.40000000  -1.00335731  -0.32604165   0.55651453
 43.60000000  -1.00362324   0.32606571   0.55678922
 43.80000000  -0.62044482   0.85391823   0.55706405
 44.00000000  -0.00003001   1.05578314   0.55733902
 44.20000000   0.62070251   0.85437501   0.55761413
 44.40000000   1.00459571   0.32644479   0.55788937
 44.60000000   1.00486238  -0.32646757   0.55816474
 44.80000000   0.62121129  -0.85497195   0.55844025
 45.00000000   0.00003073  -1.05708647   0.55871590
 45.20000000  -0.62146819  -0.85543010   0.55899168
 45.40000000  -1.00583563  -0.32684842   0.55926760
 45.60000000  -1.00610306   0.32686994   0.55954366
 45.80000000  -0.62197870   0.85602698   0.55981985
 46.00000000  -0.00003145   1.05839140   0.56009618
 46.20000000   0.62223481   0.85648650   0.56037264
 46.40000000   1.00707708   0.32725255   0.56064924
 46.60000000   1.00734526  -0.32727279   0.56092598
 46.80000000   0.62274706  -0.85708331   0.56120285
 47.00000000   0.00003217  -1.05969794   0.56147987
 47.20000000  -0.62300238  -0.85754420   0.56175701
 47.40000000  -1.00832007  -0.32765718   0.56203430
 47.60000000  -1.00858900   0.32767615   0.56231172
 47.80000000  -0.62351638   0.85814094   0.56258928
 48.00000000  -0.00003290   1.06100610   0.56286697
 48.20000000   0.62377090   0.85860321   0.56314480
 48.40000000   1.00956459   0.32806232   0.56342277
 48.60000000   1.00983428  -0.32808000   0.56370088
 48.80000000   0.62428664  -0.85919988   0.56397912
 49.00000000   0.00003362  -1.06231587   0.56425750
 49.20000000  -0.62454037  -0.85966352   0.56453602
 49.40000000  -1.01081065  -0.32846795   0.56481468
 49.60000000  -1.01108109   0.32848435   0.56509347
 49.80000000  -0.62505785   0.86026013   0.56537240
 50.00000000  -0.00003435   1.06362726   0.56565147
 50.20000000   0.62531078   0.86072515   0.56593068
 50.40000000   1.01205824   0.32887408   0.56621002
 50.60000000   1.01232945  -0.32888919   0.56648951
 50.80000000   0.62583002  -0.86132168   0.56676913
 51.00000000   0.00003508  -1.06494026   0.56704888
 51.20000000  -0.62608215  -0.86178809   0.56732878
 51.40000000  -1.01330738  -0.32928072   0.56760882
 51.60000000  -1.01357934   0.32929454   0.56788899
 51.80000000  -0.62660314   0.86238455   0.56816930
 52.00000000  -0.00003582   1.06625489   0.56844975
 52.20000000   0.62685447   0.86285234   0.56873034
 52.40000000   1.01455805   0.32968786   0.56901106
 52.60000000   1.01483078  -0.32970039   0.56929193
 52.80000000   0.62737721  -0.86344872   0.56957293
 53.00000000   0.00003655  -1.06757114   0.56985407
 53.20000000  -0.62762773  -0.86391790   0.57013535
 53.40000000  -1.01581027  -0.33009550   0.57041677
 53.60000000  -1.01608376   0.33010673   0.57069833
 53.80000000  -0.62815224   0.86451421   0.57098003
 54.00000000  -0.00003729   1.06888902   0.57126187
 54.20000000   0.62840196   0.86498478   0.57154384
 54.40000000   1.01706404   0.33050365   0.57182596
 54.60000000   1.01733829  -0.33051358   0.57210821
 54.80000000   0.62892823  -0.86558101   0.57239061
 55.00000000   0.00003802  -1.07020852   0.57267314
 55.20000000  -0.62917714  -0.86605297   0.57295581
 55.40000000  -1.01831935  -0.33091230   0.57323862
 55.60000000  -1.01859437   0.33092093   0.57352158
 55.80000000  -0.62970518   0.86664913   0.57380467
 56.00000000  -0.00003876   1.07152965   0.57408790
 56.20000000   0.62995327   0.86712249   0.57437127
 56.40000000   1.01957621   0.33132146   0.57465478
 56.60000000   1.01985200  -0.33132878   0.57493843
 56.80000000   0.63048309  -0.86771857   0.57522222
 57.00000000   0.00003950  -1.07285241   0.57550615
 57.20000000  -0.63073036  -0.86819333   0.57579022
 57.40000000  -1.02083462  -0.33173112   0.57607443
 57.60000000  -1.02111118   0.33173713   0.57635879
 57.80000000  -0.63126196   0.86878933   0.57664328
 58.00000000  -0.00004025   1.07417681   0.57692791
 58.20000000   0.63150841   0.86926549   0.57721268
 58.40000000   1.02209459   0.33214129   0.57749760
 58.60000000   1.02237192  -0.33214599   0.57778265
 58.80000000   0.63204179  -0.86986141   0.57806784
 59.00000000   0.00004099  -1.07550284   0.57835318
 59.20000000  -0.63228743  -0.87033897   0.57863866
 59.40000000  -1.02335611  -0.33255197   0.57892427
 59.60000000  -1.02363421   0.33255535   0.57921003
 59.80000000  -0.63282258   0.87093481   0.57949593
 60.00000000  -0.00004174   1.07683051   0.57978197
 60.20000000   0.63306740   0.87141378   0.58006815
 60.40000000   1.02461919   0.33296315   0.58035447
 60.60000000   1.02489806  -0.33296521   0.58064094
 60.80000000   0.63360434  -0.87200953   0.58092754
 61.00000000   0.00004248  -1.07815981   0.58121429
 61.20000000  -0.63384833  -0.87248991   0.58150118
 61.40000000  -1.02588383  -0.33337485   0.58178821
 61.60000000  -1.02616348   0.33337558   0.58207538
 61.80000000  -0.63438706   0.87308559   0.58236269
 62.00000000  -0.00004323   1.07949076   0.58265015
 62.20000000   0.63463023   0.87356738   0.58293775
 62.40000000   1.02715003   0.33378705   0.58322549
 62.60000000   1.02743045  -0.33378646   0.58351337
 62.80000000   0.63517075  -0.87416297   0.58380139
 63.00000000   0.00004398  -1.08082335   0.58408956
 63.20000000  -0.63541309  -0.87464618   0.58437786
 63.40000000  -1.02841779  -0.33419976   0.58466631
 63.60000000  -1.02869899   0.33419784   0.58495491
 63.80000000  -0.63595541   0.87524168   0.58524364
 64.00000000  -0.00004474   1.08215758   0.58553252
 64.20000000   0.63619692   0.87572630   0.58582154
 64.40000000   1.02968711   0.33461298   0.58611070
 64.60000000   1.02996910  -0.33460973   0.58640001
 64.80000000   0.63674104  -0.87632172   0.58668945
 65.00000000   0.00004549  -1.08349346   0.58697904
 65.20000000  -0.63698171  -0.87680777   0.58726878
 65.40000000  -1.03095801  -0.33502672   0.58755866
 65.60000000  -1.03124077   0.33502213   0.58784868
 65.80000000  -0.63752764   0.87740309   0.58813884
 66.00000000  -0.00004625   1.08483100   0.58842915
 66.20000000   0.63776747   0.87789056   0.58871960
 66.40000000   1.03223047   0.33544096   0.58901019
 66.60000000   1.03251401  -0.33543503   0.58930092
 66.80000000   0.63831521  -0.87848580   0.58959180
 67.00000000   0.00004701  -1.08617018   0.58988283
 67.20000000  -0.63855420  -0.87897470   0.59017400
 67.40000000  -1.03350450  -0.33585572   0.59046531
 67.60000000  -1.03378883   0.33584844   0.59075676
 67.80000000  -0.63910376   0.87956984   0.59104836
 68.00000000  -0.00004777   1.08751101   0.59134010
 68.20000000   0.63934191   0.88006017   0.59163199
 68.40000000   1.03478010   0.33627099   0.59192402
 68.60000000   1.03506522  -0.33626237   0.59221619
 68.80000000   0.63989327  -0.88065523   0.59250851
 69.00000000   0.00004853  -1.08885350   0.59280098
 69.20000000  -0.64013058  -0.88114698   0.59309358
 69.40000000  -1.03605728  -0.33668677   0.59338634
 69.60000000  -1.03634319   0.33667680   0.59367923
 69.80000000  -0.64068377   0.88174195   0.59397227
 70.00000000  -0.00004930   1.09019765   0.59426546
 70.20000000   0.64092023   0.88223514   0.59455879
 70.40000000   1.03733604   0.33710307   0.59485227
 70.60000000   1.03762273  -0.33709175   0.59514589
 70.80000000   0.64147524  -0.88283001   0.59543965
 71.00000000   0.00005006  -1.09154346   0.59573356
 71.20000000  -0.64171085  -0.88332464   0.59602762
 71.40000000  -1.03861637  -0.33751988   0.59632182
 71.60000000  -1.03890385   0.33750720   0.59661616
 71.80000000  -0.64226768   0.88391941   0.59691065
 72.00000000  -0.00005083   1.09289093   0.59720529
 72.20000000   0.64250244   0.88441549   0.59750007
 72.40000000   1.03989828   0.33793720   0.59779500
 72.60000000   1.04018656  -0.33792317   0.59809007
 72.80000000   0.64306111  -0.88501016   0.59838529
 73.00000000   0.00005160  -1.09424006   0.59868065
 73.20000000  -0.64329502  -0.88550768   0.59897616
 73.40000000  -1.04118178  -0.33835505   0.59927182
 73.60000000  -1.04147085   0.33833965   0.59956762
 73.80000000  -0.64385552   0.88610226   0.59986357
 74.00000000  -0.00005237   1.09559086   0.60015966
 74.20000000   0.64408857   0.88660122   0.60045590
 74.40000000   1.04246686   0.33877341   0.60075229
 74.60000000   1.04275672  -0.33875664   0.60104882
 74.80000000   0.64465090  -0.88719570   0.60134550
 75.00000000   0.00005314  -1.09694332   0.60164232
 75.20000000  -0.64488310  -0.88769611   0.60193930
 75.40000000  -1.04375353  -0.33919228   0.60223641
 75.60000000  -1.04404418   0.33917415   0.60253368
 75.80000000  -0.64544728   0.88829049   0.60283109
 76.00000000  -0.00005392   1.09829745   0.60312865
 76.20000000   0.64567861   0.88879235   0.60342636
 76.40000000   1.04504178   0.33961168   0.60372421
 76.60000000   1.04533323  -0.33959217   0.60402221
 76.80000000   0.64624463  -0.88938663   0.60432035
 77.00000000   0.00005470  -1.09965326   0.60461865
 77.20000000  -0.64647510  -0.88988995   0.60491709
 77.40000000  -1.04633163  -0.34003159   0.60521568
 77.60000000  -1.04662388   0.34001071   0.60551441
 77.80000000  -0.64704297   0.89048413   0.60581330
 78.00000000  -0.00005547   1.10101074   0.60611233
 78.20000000   0.64727257   0.89098891   0.60641150
 78.40000000   1.04762306   0.34045202   0.60671083
 78.60000000   1.04791611  -0.34042976   0.60701030
 78.80000000   0.64784229  -0.89158298   0.60730992
 79.00000000   0.00005626  -1.10236989   0.60760969
 79.20000000  -0.64807103  -0.89208922   0.60790961
 79.40000000  -1.04891609  -0.34087298   0.60820968
 79.60000000  -1.04920995   0.34084933   0.60850989
 79.80000000  -0.64864261   0.89268319   0.60881025
 80.00000000  -0.00005704   1.10373073   0.60911076
 80.20000000   0.64887047   0.89319088   0.60941142
 80.40000000   1.05021072   0.34129445   0.60971223
 80.60000000   1.05050538  -0.34126942   0.61001318
 80.80000000   0.64944391  -0.89378475   0.61031429
 81.00000000   0.00005782  -1.10509324   0.61061554
 81.20000000  -0.64967090  -0.89429391   0.61091694
 81.40000000  -1.05150694  -0.34171644   0.61121849
 81.60000000  -1.05180241   0.34169002   0.61152019
 81.80000000  -0.65024620   0.89488767   0.61182203
 82.00000000  -0.00005861   1.10645744   0.61212403
 82.20000000   0.65047231   0.89539831   0.61242618
 82.40000000   1.05280477   0.34213896   0.61272847
 82.60000000   1.05310104  -0.34211115   0.61303091
 82.80000000   0.65104948  -0.89599196   0.61333351
 83.00000000   0.00005940  -1.10782332   0.61363625
 83.20000000  -0.65127471  -0.89650406   0.61393914
 83.40000000  -1.05410419  -0.34256200   0.61424218
 83.60000000  -1.05440127   0.34253279   0.61454537
 83.80000000  -0.65185376   0.89709760   0.61484872
 84.00000000  -0.00006019   1.10919088   0.61515221
 84.20000000   0.65207811   0.89761118   0.61545585
 84.40000000   1.05540522   0.34298556   0.61575964
 84.60000000   1.05570311  -0.34295495   0.61606358
 84.80000000   0.65265903  -0.89820461   0.61636767
 85.00000000   0.00006098  -1.11056013   0.61667191
 85.20000000  -0.65288249  -0.89871967   0.61697630
 85.40000000  -1.05670786  -0.34340964   0.61728084
 85.60000000  -1.05700656   0.34337763   0.61758553
 85.80000000  -0.65346529   0.89931299   0.61789037
 86.00000000  -0.00006177   1.11193108   0.61819536
 86.20000000   0.65368787   0.89982953   0.61850050
 86.40000000   1.05801210   0.34383425   0.61880580
 86.60000000   1.05831161  -0.34380084   0.61911124
 86.80000000   0.65427255  -0.90042274   0.61941684
 87.00000000   0.00006257  -1.11330371   0.61972258
 87.20000000  -0.65449424  -0.90094075   0.62002848
 87.40000000  -1.05931795  -0.34425939   0.62033452
 87.60000000  -1.05961828   0.34422456   0.62064072
 87.80000000  -0.65508081   0.90153385   0.62094707
 88.00000000  -0.00006336   1.11467804   0.62125357
 88.20000000   0.65530161   0.90205335   0.62156022
 88.40000000   1.06062542   0.34468505   0.62186703
 88.60000000   1.06092656  -0.34464881   0.62217398
 88.80000000   0.65589006  -0.90264633   0.62248109
 89.00000000   0.00006416  -1.11605407   0.62278835
 89.20000000  -0.65610997  -0.90316733   0.62309576
 89.40000000  -1.06193449  -0.34511123   0.62340332
 89.60000000  -1.06223646   0.34507358   0.62371103
 89.80000000  -0.65670032   0.90376019   0.62401890
 90.00000000  -0.00006496   1.11743180   0.62432691
 90.20000000   0.65691933   0.90428268   0.62463508
 90.40000000   1.06324519   0.34553795   0.62494340
 90.60000000   1.06354797  -0.34549887   0.62525188
 90.80000000   0.65751157  -0.90487542   0.62556050
 91.00000000   0.00006577  -1.11881122   0.62586928
 91.20000000  -0.65772968  -0.90539941   0.62617821
 91.40000000  -1.06455750  -0.34596519   0.62648729
 91.60000000  -1.06486110   0.34592469   0.62679653
 91.80000000  -0.65832383   0.90599203   0.62710591
 92.00000000  -0.00006657   1.12019235   0.62741546
 92.20000000   0.65854104   0.90651751   0.62772515
 92.40000000   1.06587143   0.34639296   0.62803500
 92.60000000   1.06617585  -0.34635103   0.62834499
 92.80000000   0.65913709  -0.90711002   0.62865515
 93.00000000   0.00006738  -1.12157519   0.62896545
 93.20000000  -0.65935340  -0.90763700   0.62927591
 93.40000000  -1.06718698  -0.34682126   0.62958652
 93.60000000  -1.06749223   0.34677790   0.62989729
 93.80000000  -0.65995136   0.90822939   0.63020821
 94.00000000  -0.00006819   1.12295973   0.63051928
 94.20000000   0.66016675   0.90875787   0.63083050
 94.40000000   1.06850416   0.34725008   0.63114188
 94.60000000   1.06881023  -0.34720529   0.63145342
 94.80000000   0.66076663  -0.90935013   0.63176510
 95.00000000   0.00006900  -1.12434598   0.63207694
 95.20000000  -0.66098112  -0.90988012   0.63238894
 95.40000000  -1.06982296  -0.34767944   0.63270108
 95.60000000  -1.07012986   0.34763321   0.63301339
 95.80000000  -0.66158291   0.91047226   0.63332584
 96.00000000  -0.00006981   1.12573394   0.63363845
 96.20000000   0.66179648   0.91100376   0.63395122
 96.40000000   1.07114339   0.34810933   0.63426414
 96.60000000   1.07145112  -0.34806166   0.63457721
 96.80000000   0.66240020  -0.91159578   0.63489044
 97.00000000   0.00007062  -1.12712362   0.63520382
 97.20000000  -0.66261286  -0.91212879   0.63551736
 97.40000000  -1.07246545  -0.34853975   0.63583106
 97.60000000  -1.07277401   0.34849063   0.63614490
 97.80000000  -0.66321849   0.91272068   0.63645890
 98.00000000  -0.00007144   1.12851501   0.63677306
 98.20000000   0.66343024   0.91325520   0.63708737
 98.40000000   1.07378915   0.34897070   0.63740184
 98.60000000   1.07409854  -0.34892014   0.63771646
 98.80000000   0.66403780  -0.91384697   0.63803124
 99.00000000   0.00007226  -1.12990811   0.63834618
 99.20000000  -0.66424863  -0.91438301   0.63866126
 99.40000000  -1.07511447  -0.34940219   0.63897651
 99.60000000  -1.07542470   0.34935017   0.63929191
 99.80000000  -0.66485812   0.91497465   0.63960747
100.00000000  -0.00007308   1.13130294   0.63992318
100.20000000   0.66506802   0.91551221   0.64023904
100.40000000   1.07644143   0.34983421   0.64055507
100.60000000   1.07675249  -0.34978074   0.64087125
100.80000000   0.66567945  -0.91610372   0.64118758
101.00000000   0.00007390  -1.13269949   0.64150407
101.20000000  -0.66588843  -0.91664281   0.64182072
101.40000000  -1.07777003  -0.35026676   0.64213752
101.60000000  -1.07808193   0.35021183   0.64245448
101.80000000  -0.66650180   0.91723418   0.64277160
102.00000000  -0.00007472   1.13409777   0.64308887
102.20000000   0.66670985   0.91777480   0.64340630
102.40000000   1.07910027   0.35069985   0.64372389
102.60000000   1.07941300  -0.35064346   0.64404163
102.80000000   0.66732517  -0.91836604   0.64435953
103.00000000   0.00007555  -1.13549777   0.64467759
103.20000000  -0.66753229  -0.91890819   0.64499581
103.40000000  -1.08043215  -0.35113347   0.64531418
103.60000000  -1.08074573   0.35107561   0.64563270
103.80000000  -0.66814955   0.91949930   0.64595139
104.00000000  -0.00007638   1.13689949   0.64627023
104.20000000   0.66835574   0.92004297   0.64658923
104.40000000   1.08176568   0.35156763   0.64690839
104.60000000   1.08208009  -0.35150830   0.64722771
104.80000000   0.66897495  -0.92063395   0.64754718
105.00000000   0.00007721  -1.13830295   0.64786681
105.20000000  -0.66918020  -0.92117916   0.64818660
105.40000000  -1.08310085  -0.35200233   0.64850654
105.60000000  -1.08341611   0.35194153   0.64882665
105.80000000  -0.66980137   0.92177001   0.64914691
106.00000000  -0.00007804   1.13970814   0.64946733
106.20000000   0.67000568   0.92231676   0.64978791
106.40000000   1.08443767   0.35243756   0.65010864
106.60000000   1.08475377  -0.35237528   0.65042954
106.80000000   0.67062881  -0.92290746   0.65075059
107.00000000   0.00007887  -1.14111507   0.65107180
107.20000000  -0.67083218  -0.92345576   0.65139317
107.40000000  -1.08577614  -0.35287333   0.65171470
107.60000000  -1.08609308   0.35280958   0.65203639
107.80000000  -0.67145727   0.92404632   0.65235824
108.00000000  -0.00007971   1.14252373   0.65268024
108.20000000   0.67165970   0.92459616   0.65300241
108.40000000   1.08711626   0.35330964   0.65332473
108.60000000   1.08743405  -0.35324440   0.65364721
108.80000000   0.67228676  -0.92518659   0.65396985
109.00000000   0.00008054  -1.14393413   0.65429265
109.20000000  -0.67248824  -0.92573797   0.65461561
109.40000000  -1.08845803  -0.35374650   0.65493873
109.60000000  -1.08877667   0.35367977   0.65526201
109.80000000  -0.67311727   0.92632826   0.65558545
110.00000000  -0.00008138   1.14534628   0.65590905
110.20000000   0.67331780   0.92688120   0.65623281
110.40000000   1.08980146   0.35418389   0.65655673
110.60000000   1.09012096  -0.35411567   0.65688080
110.80000000   0.67394880  -0.92747134   0.65720504
111.00000000   0.00008222  -1.14676016   0.65752944
111.20000000  -0.67414839  -0.92802583   0.65785400
111.40000000  -1.09114655  -0.35462182   0.65817871
111.60000000  -1.09146690   0.35455210   0.65850359
111.80000000  -0.67478137   0.92861584   0.65882863
112.00000000  -0.00008307   1.14817579   0.65915383
112.20000000   0.67498000   0.92917188   0.65947919
112.40000000   1.09249330   0.35506029   0.65980471
112.60000000   1.09281450  -0.35498908   0.66013039
112.80000000   0.67561496  -0.92976174   0.66045623
113.00000000   0.00008391  -1.14959317   0.66078223
113.20000000  -0.67581263  -0.93031934   0.66110840
113.40000000  -1.09384171  -0.35549930   0.66143472
113.60000000  -1.09416377   0.35542659   0.66176121
113.80000000  -0.67644958   0.93090906   0.66208785
114.00000000  -0.00008476   1.15101230   0.66241466
114.20000000   0.67664630   0.93146822   0.66274163
114.40000000   1.09519179   0.35593886   0.66306876
114.60000000   1.09551470  -0.35586465   0.66339605
114.80000000   0.67728523  -0.93205779   0.66372351
115.00000000   0.00008561  -1.15243318   0.66405112
115.20000000  -0.67748099  -0.93261852   0.66437890
115.40000000  -1.09654353  -0.35637896   0.66470684
115.60000000  -1.09686730   0.35630324   0.66503494
115.80000000  -0.67812192   0.93320794   0.66536320
116.00000000  -0.00008646   1.15385582   0.66569162
116.20000000   0.67831671   0.93377024   0.66602021
116.40000000   1.09789694   0.35681961   0.66634896
116.60000000   1.09822157  -0.35674237   0.66667787
116.80000000   0.67895964  -0.93435951   0.66700694
117.00000000   0.00008731  -1.15528021   0.66733618
117.20000000  -0.67915346  -0.93492338   0.66766558
117.40000000  -1.09925202  -0.35726080   0.66799514
117.60000000  -1.09957752   0.35718205   0.66832486
117.80000000  -0.67979839   0.93551251   0.66865475
118.00000000  -0.00008817   1.15670635   0.66898480
118.20000000   0.67999125   0.93607795   0.66931501
118.40000000   1.10060877   0.35770253   0.66964539
118.60000000   1.10093513  -0.35762226   0.66997592
118.80000000   0.68063818  -0.93666692   0.67030663
119.00000000   0.00008903  -1.15813426   0.67063749
119.20000000  -0.68083006  -0.93723394   0.67096852
119.40000000  -1.10196720  -0.35814482   0.67129971
119.60000000  -1.10229443   0.35806302   0.67163106
119.80000000  -0.68147901   0.93782276   0.67196258
120.00000000  -0.00008988   1.15956394   0.67229427
120.20000000   0.68166992   0.93839136   0.67262611
120.40000000   1.10332730   0.35858764   0.67295812
120.60000000   1.10365540  -0.35850432   0.67329029
120.80000000   0.68232087  -0.93898002   0.67362263
121.00000000   0.00009075  -1.16099537   0.67395513
121.20000000  -0.68251080  -0.93955021   0.67428780
121.40000000  -1.10468909  -0.35903102   0.67462063
121.60000000  -1.10501805   0.35894617   0.67495362
121.80000000  -0.68316378   0.94013872   0.67528678
122.00000000  -0.00009161   1.16242858   0.67562010
122.20000000   0.68335273   0.94071049   0.67595359
122.40000000   1.10605255   0.35947495   0.67628724
122.60000000   1.10638238  -0.35938856   0.67662106
122.80000000   0.68400773  -0.94129884   0.67695504
123.00000000   0.00009247  -1.16386355   0.67728919
123.20000000  -0.68419569  -0.94187220   0.67762350
123.40000000  -1.10741770  -0.35991942   0.67795797
123.60000000  -1.10774840   0.35983150   0.67829261
123.80000000  -0.68485272   0.94246040   0.67862742
124.00000000  -0.00009334   1.16530030   0.67896239
124.20000000   0.68503970   0.94303535   0.67929753
124.40000000   1.10878453   0.36036444   0.67963283
124.60000000   1.10911611  -0.36027498   0.67996830
124.80000000   0.68569875  -0.94362338   0.68030393
125.00000000   0.00009421  -1.16673881   0.68063973
125.20000000  -0.68588474  -0.94419993   0.68097570
125.40000000  -1.11015305  -0.36081001   0.68131183
125.60000000  -1.11048550   0.36071901   0.68164813
125.80000000  -0.68654583   0.94478781   0.68198459
126.00000000  -0.00009508   1.16817911   0.68232122
126.20000000   0.68673083   0.94536596   0.68265801
126.40000000   1.11152326   0.36125614   0.68299497
126.60000000   1.11185659  -0.36116358   0.68333210
126.80000000   0.68739396  -0.94595367   0.68366940
127.00000000   0.00009595  -1.16962118   0.68400686
127.20000000  -0.68757796  -0.94653342   0.68434448
127.40000000  -1.11289516  -0.36170281   0.68468228
127.60000000  -1.11322937   0.36160870   0.68502024
127.80000000  -0.68824313   0.94712097   0.68535836
128.00000000  -0.00009683   1.17106503   0.68569666
128.20000000   0.68842614   0.94770232   0.68603512
128.40000000   1.11426875   0.36215004   0.68637375
128.60000000   1.11460384  -0.36205438   0.68671254
128.80000000   0.68909335  -0.94828971   0.68705151
129.00000000   0.00009770  -1.17251067   0.68739064
129.20000000  -0.68927536  -0.94887267   0.68772993
129.40000000  -1.11564404  -0.36259782   0.68806940
129.60000000  -1.11598001   0.36250060   0.68840903
129.80000000  -0.68994462   0.94945989   0.68874883
130.00000000  -0.00009858   1.17395809   0.68908880
130.20000000   0.69012563   0.95004446   0.68942893
130.40000000   1.11702102   0.36304616   0.68976924
130.60000000   1.11735788  -0.36294737   0.69010971
130.80000000   0.69079695  -0.95063151   0.69045035
131.00000000   0.00009946  -1.17540729   0.69079116
131.20000000  -0.69097695  -0.95121770   0.69113213
131.40000000  -1.11839971  -0.36349505   0.69147328
131.60000000  -1.11873745   0.36339469   0.69181459
131.80000000  -0.69165033   0.95180458   0.69215607
132.00000000  -0.00010035   1.17685829   0.69249772
132.20000000   0.69182932   0.95239239   0.69283954
132.40000000   1.11978009   0.36394449   0.69318152
132.60000000   1.12011872  -0.36384256   0.69352368
132.80000000   0.69250476  -0.95297910   0.69386600
133.00000000   0.00010123  -1.17831107   0.69420850
133.20000000  -0.69268274  -0.95356853   0.69455116
133.40000000  -1.12116218  -0.36439449   0.69489399
133.60000000  -1.12150170   0.36429099   0.69523699
133.80000000  -0.69336024   0.95415507   0.69558016
134.00000000  -0.00010212   1.17976565   0.69592350
134.20000000   0.69353721   0.95474612   0.69626701
134.40000000   1.12254598   0.36484505   0.69661069
134.60000000   1.12288638  -0.36473997   0.69695454
134.80000000   0.69421679  -0.95533249   0.69729856
135.00000000   0.00010301  -1.18122203   0.69764274
135.20000000  -0.69439274  -0.95592517   0.69798710
135.40000000  -1.12393148  -0.36529616   0.69833163
135.60000000  -1.12427278   0.36518950   0.69867633
135.80000000  -0.69507439   0.95651136   0.69902120
136.00000000  -0.00010390   1.18268020   0.69936623
136.20000000   0.69524932   0.95710567   0.69971144
136.40000000   1.12531870   0.36574783   0.70005682
136.60000000   1.12566089  -0.36563958   0.70040237
136.80000000   0.69593305  -0.95769169   0.70074809
137.00000000   0.00010479  -1.18414017   0.70109398
137.20000000  -0.69610696  -0.95828763   0.70144004
137.40000000  -1.12670762  -0.36620006   0.70178627
137.60000000  -1.12705071   0.36609022   0.70213268
137.80000000  -0.69679277   0.95887347   0.70247925
138.00000000  -0.00010569   1.18560195   0.70282600
138.20000000   0.69696566   0.95947105   0.70317291
138.40000000   1.12809826   0.36665285   0.70352000
138.60000000   1.12844225  -0.36654142   0.70386726
138.80000000   0.69765356  -0.96005671   0.70421469
139.00000000   0.00010659  -1.18706553   0.70456229
139.20000000  -0.69782542  -0.96065593   0.70491006
139.40000000  -1.12949062  -0.36710620   0.70525801
139.60000000  -1.12983550   0.36699317   0.70560613
139.80000000  -0.69851540   0.96124142   0.70595441
140.00000000  -0.00010748   1.18853092   0.70630287
140.20000000   0.69868624   0.96184227   0.70665151
140.40000000   1.13088469   0.36756011   0.70700031
140.60000000   1.13123048  -0.36744548   0.70734929
140.80000000   0.69937832  -0.96242758   0.70769844
141.00000000   0.00010839  -1.18999811   0.70804776
141.20000000  -0.69954811  -0.96303008   0.70839725
141.40000000  -1.13228049  -0.36801458   0.70874692
141.60000000  -1.13262718   0.36789834   0.70909676
141.80000000  -0.70024229   0.96361521   0.70944677
142.00000000  -0.00010929   1.19146712   0.70979695
142.20000000   0.70041106   0.96421936   0.71014731
142.40000000   1.13367801   0.36846961   0.71049784
142.60000000   1.13402560  -0.36835177   0.71084854
142.80000000   0.70110734  -0.96480430   0.71119942
143.00000000   0.00011020  -1.19293794   0.71155047
143.20000000  -0.70127506  -0.96541010   0.71190169
143.40000000  -1.13507725  -0.36892520   0.71225309
143.60000000  -1.13542575   0.36880575   0.71260466
143.80000000  -0.70197345   0.96599486   0.71295640
144.00000000  -0.00011110   1.19441057   0.71330832
144.20000000   0.70214014   0.96660232   0.71366041
144.40000000   1.13647822   0.36938136   0.71401267
144.60000000   1.13682763  -0.36926029   0.71436511
144.80000000   0.70284064  -0.96718689   0.71471772
145.00000000   0.00011201  -1.19588503   0.71507051
145.20000000  -0.70300628  -0.96779601   0.71542347
145.40000000  -1.13788092  -0.36983808   0.71577660
145.60000000  -1.13823124   0.36971540   0.71612991
145.80000000  -0.70370889   0.96838039   0.71648339
146.00000000  -0.00011292   1.19736130   0.71683705
146.20000000   0.70387348   0.96899117   0.71719088
146.40000000   1.13928535   0.37029537   0.71754489
146.60000000   1.13963658  -0.37017106   0.71789907
146.80000000   0.70457822  -0.96957536   0.71825343
147.00000000   0.00011384  -1.19883940   0.71860796
147.20000000  -0.70474176  -0.97018780   0.71896266
147.40000000  -1.14069152  -0.37075322   0.71931755
147.60000000  -1.14104365   0.37062728   0.71967260
147.80000000  -0.70544862   0.97077181   0.72002783
148.00000000  -0.00011475   1.20031932   0.72038324
148.20000000   0.70561111   0.97138592   0.72073882
148.40000000   1.14209942   0.37121164   0.72109458
148.60000000   1.14245247  -0.37108407   0.72145051
148.80000000   0.70632010  -0.97196973   0.72180662
149.00000000   0.00011567  -1.20180107   0.72216291
149.20000000  -0.70648153  -0.97258551   0.72251937
149.40000000  -1.14350906  -0.37167063   0.72287601
149.60000000  -1.14386302   0.37154142   0.72323282
149.80000000  -0.70719265   0.97316914   0.72358981
150.00000000  -0.00011659   1.20328464   0.72394697
150.20000000   0.70735303   0.97378659   0.72430432
150.40000000   1.14492043   0.37213018   0.72466183
150.60000000   1.14527532  -0.37199933   0.72501953
150.80000000   0.70806628  -0.97437002   0.72537740
151.00000000   0.00011751  -1.20477005   0.72573545
151.20000000  -0.70822560  -0.97498915   0.72609367
151.40000000  -1.14633355  -0.37259030   0.72645207
151.60000000  -1.14668936   0.37245781   0.72681065
151.80000000  -0.70894099   0.97557238   0.72716941
152.00000000  -0.00011844   1.20625729   0.72752834
152.20000000   0.70909925   0.97619319   0.72788745
152.40000000   1.14774842   0.37305099   0.72824673
152.60000000   1.14810514  -0.37291686   0.72860620
152.80000000   0.70981679  -0.97677623   0.72896584
153.00000000   0.00011936  -1.20774637   0.72932566
153.20000000  -0.70997397  -0.97739873   0.72968565
153.40000000  -1.14916503  -0.37351225   0.73004583
153.60000000  -1.14952267   0.37337646   0.73040618
153.80000000  -0.71069366   0.97798157   0.73076671
154.00000000  -0.00012029   1.20923729   0.73112742
154.20000000   0.71084977   0.97860575   0.73148830
154.40000000   1.15058338   0.37397408   0.73184937
154.60000000   1.15094196  -0.37383664   0.73221061
154.80000000   0.71157162  -0.97918839   0.73257203
155.00000000   0.00012122  -1.21073005   0.73293363
155.20000000  -0.71172666  -0.97981426   0.73329541
155.40000000  -1.15200349  -0.37443648   0.73365736
155.60000000  -1.15236299   0.37429738   0.73401950
155.80000000  -0.71245066   0.98039670   0.73438181
156.00000000  -0.00012216   1.21222465   0.73474430
156.20000000   0.71260462   0.98102426   0.73510697
156.40000000   1.15342535   0.37489945   0.73546982
156.60000000   1.15378578  -0.37475869   0.73583285
156.80000000   0.71333078  -0.98160650   0.73619606
157.00000000   0.00012309  -1.21372109   0.73655945
157.20000000  -0.71348367  -0.98223576   0.73692302
157.40000000  -1.15484897  -0.37536300   0.73728676
157.60000000  -1.15521033   0.37522057   0.73765069
157.80000000  -0.71421200   0.98281779   0.73801480
158.00000000  -0.00012403   1.21521938   0.73837908
158.20000000   0.71436380   0.98344875   0.73874355
158.40000000   1.15627435   0.37582711   0.73910819
158.60000000   1.15663663  -0.37568302   0.73947302
158.80000000   0.71509430  -0.98403058   0.73983802
159.00000000   0.00012497  -1.21671952   0.74020321
159.20000000  -0.71524502  -0.98466324   0.74056857
159.40000000  -1.15770148  -0.37629181   0.74093412
159.60000000  -1.15806470   0.37614604   0.74129984
159.80000000  -0.71597769   0.98524487   0.74166575
160.00000000  -0.00012591   1.21822152   0.74203184
160.20000000   0.71612733   0.98587924   0.74239811
160.40000000   1.15913037   0.37675707   0.74276456
160.60000000   1.15949453  -0.37660963   0.74313119
160.80000000   0.71686218  -0.98646065   0.74349800
161.00000000   0.00012685  -1.21972536   0.74386499
161.20000000  -0.71701072  -0.98709673   0.74423216
161.40000000  -1.16056103  -0.37722291   0.74459952
161.60000000  -1.16092612   0.37707379   0.74496705
161.80000000  -0.71774775   0.98767793   0.74533477
162.00000000  -0.00012780   1.22123107   0.74570267
162.20000000   0.71789521   0.98831572   0.74607075
162.40000000   1.16199346   0.37768933   0.74643901
162.60000000   1.16235949  -0.37753852   0.74680745
162.80000000   0.71863443  -0.98889672   0.74717608
163.00000000   0.00012874  -1.22273863   0.74754489
163.20000000  -0.71878078  -0.98953623   0.74791388
163.40000000  -1.16342765  -0.37815633   0.74828305
163.60000000  -1.16379462   0.37800382   0.74865240
163.80000000  -0.71952219   0.99011701   0.74902194
164.00000000  -0.00012969   1.22424805   0.74939166
164.20000000   0.71966745   0.99075824   0.74976156
164.40000000   1.16486361   0.37862390   0.75013164
164.60000000   1.16523152  -0.37846970   0.75050191
164.80000000   0.72041105  -0.99133881   0.75087236
165.00000000   0.00013065  -1.22575934   0.75124299
165.20000000  -0.72055521  -0.99198175   0.75161380
165.40000000  -1.16630134  -0.37909205   0.75198480
165.60000000  -1.16667020   0.37893616   0.75235598
165.80000000  -0.72130102   0.99256211   0.75272735
166.00000000  -0.00013160   1.22727249   0.75309890
166.20000000   0.72144406   0.99320678   0.75347063
166.40000000   1.16774085   0.37956078   0.75384254
166.60000000   1.16811066  -0.37940318   0.75421464
166.80000000   0.72219208  -0.99378692   0.75458692
167.00000000   0.00013256  -1.22878751   0.75495939
167.20000000  -0.72233402  -0.99443333   0.75533204
167.40000000  -1.16918214  -0.38003009   0.75570487
167.60000000  -1.16955289   0.37987079   0.75607789
167.80000000  -0.72308424   0.99501325   0.75645109
168.00000000  -0.00013352   1.23030441   0.75682447
168.20000000   0.72322507   0.99566138   0.75719804
168.40000000   1.17062520   0.38049997   0.75757180
168.60000000   1.17099690  -0.38033897   0.75794574
168.80000000   0.72397750  -0.99624109   0.75831986
169.00000000   0.00013448  -1.23182317   0.75869417
169.20000000  -0.72411722  -0.99689096   0.75906866
169.40000000  -1.17207005  -0.38097044   0.75944334
169.60000000  -1.17244270   0.38080772   0.75981820
169.80000000  -0.72487187   0.99747044   0.76019325
170.00000000  -0.00013544   1.23334381   0.76056848
170.20000000   0.72501047   0.99812205   0.76094390
170.40000000   1.17351668   0.38144150   0.76131950
170.60000000   1.17389028  -0.38127706   0.76169529
170.80000000   0.72576734  -0.99870131   0.76207127
171.00000000   0.00013640  -1.23486632   0.76244743
171.20000000  -0.72590482  -0.99935466   0.76282377
171.40000000  -1.17496509  -0.38191313   0.76320030
171.60000000  -1.17533965   0.38174697   0.76357702
171.80000000  -0.72666392   0.99993370   0.76395392
172.00000000  -0.00013737   1.23639072   0.76433101
172.20000000   0.72680027   1.00058879   0.76470829
172.40000000   1.17641529   0.38238535   0.76508575
172.60000000   1.17679081  -0.38221746   0.76546340
172.80000000   0.72756160  -1.00116761   0.76584123
173.00000000   0.00013834  -1.23791699   0.76621925
173.20000000  -0.72769683  -1.00182445   0.76659746
173.40000000  -1.17786729  -0.38285815   0.76697585
173.60000000  -1.17824376   0.38268853   0.76735443
173.80000000  -0.72846040   1.00240304   0.76773320
174.00000000  -0.00013931   1.23944515   0.76811215
174.20000000   0.72859450   1.00306164   0.76849130
174.40000000   1.17932107   0.38333153   0.76887063
174.60000000   1.17969850  -0.38316018   0.76925014
174.80000000   0.72936030  -1.00364000   0.76962984
175.00000000   0.00014028  -1.24097520   0.77000974
175.20000000  -0.72949327  -1.00430035   0.77038981
175.40000000  -1.18077665  -0.38380550   0.77077008
175.60000000  -1.18115504   0.38363242   0.77115053
175.80000000  -0.73026132   1.00487848   0.77153117
176.00000000  -0.00014126   1.24250714   0.77191200
176.20000000   0.73039315   1.00554059   0.77229302
176.40000000   1.18223402   0.38428006   0.77267423
176.60000000   1.18261338  -0.38410523   0.77305562
176.80000000   0.73116345  -1.00611849   0.77343720
177.00000000   0.00014224  -1.24404096   0.77381897
177.20000000  -0.73129415  -1.00678236   0.77420093
177.40000000  -1.18369320  -0.38475520   0.77458308
177.60000000  -1.18407352   0.38457863   0.77496541
177.80000000  -0.73206669   1.00736003   0.77534794
178.00000000  -0.00014322   1.24557669   0.77573065
178.20000000   0.73219625   1.00802567   0.77611355
178.40000000   1.18515417   0.38523094   0.77649664
178.60000000   1.18553546  -0.38505261   0.77687992
178.80000000   0.73297105  -1.00860311   0.77726339
179.00000000   0.00014420  -1.24711430   0.77764705
179.20000000  -0.73309947  -1.00927051   0.77803090
179.40000000  -1.18661695  -0.38570725   0.77841494
179.60000000  -1.18699921   0.38552718   0.77879916
179.80000000  -0.73387653   1.00984771   0.77918358
180.00000000  -0.00014519   1.24865382   0.77956819
180.20000000   0.73400380   1.01051689   0.77995298
180.40000000   1.18808153   0.38618416   0.78033797
180.60000000   1.18846476  -0.38600233   0.78072315
180.80000000   0.73478312  -1.01109386   0.78110851
181.00000000   0.00014617  -1.25019523   0.78149407
181.20000000  -0.73490924  -1.01176481   0.78187982
181.40000000  -1.18954792  -0.38666166   0.78226575
181.60000000  -1.18993213   0.38647807   0.78265188
181.80000000  -0.73569084   1.01234154   0.78303820
182.00000000  -0.00014716   1.25173855   0.78342471
182.20000000   0.73581580   1.01301427   0.78381141
182.40000000   1.19101613   0.38713975   0.78419830
182.60000000   1.19140130  -0.38695439   0.78458538
182.80000000   0.73659967  -1.01359076   0.78497265
183.00000000   0.00014815  -1.25328377   0.78536012
183.20000000  -0.73672349  -1.01426528   0.78574777
183.40000000  -1.19248614  -0.38761843   0.78613562
183.60000000  -1.19287229   0.38743130   0.78652366
183.80000000  -0.73750963   1.01484152   0.78691189
184.00000000  -0.00014915   1.25483090   0.78730031
184.20000000   0.73763229   1.01551782   0.78768892
184.40000000   1.19395797   0.38809770   0.78807773
184.60000000   1.19434510  -0.38790880   0.78846672
184.80000000   0.73842072  -1.01609383   0.78885591
185.00000000   0.00015014  -1.25637994   0.78924529
185.20000000  -0.73854221  -1.01677192   0.78963486
185.40000000  -1.19543161  -0.38857756   0.79002463
185.60000000  -1.19581972   0.38838688   0.79041459
185.80000000  -0.73933293   1.01734768   0.79080474
186.00000000  -0.00015114   1.25793089   0.79119508
186.20000000   0.73945325   1.01802756   0.79158562
186.40000000   1.19690707   0.38905802   0.79197634
186.60000000   1.19729616  -0.38886556   0.79236726
186.80000000   0.74024626  -1.01860308   0.79275838
187.00000000   0.00015214  -1.25948376   0.79314969
187.20000000  -0.74036542  -1.01928476   0.79354119
187.40000000  -1.19838436  -0.38953907   0.79393288
187.60000000  -1.19877443   0.38934482   0.79432477
187.80000000  -0.74116073   1.01986002   0.79471685
188.00000000  -0.00015314   1.26103855   0.79510912
188.20000000   0.74127871   1.02054350   0.79550159
188.40000000   1.19986347   0.39002072   0.79589425
188.60000000   1.20025452  -0.38982468   0.79628710
188.80000000   0.74207632  -1.02111852   0.79668015
189.00000000   0.00015415  -1.26259525   0.79707339
189.20000000  -0.74219313  -1.02180380   0.79746683
189.40000000  -1.20134440  -0.39050296   0.79786046
189.60000000  -1.20173645   0.39030513   0.79825429
189.80000000  -0.74299305   1.02237857   0.79864831
190.00000000  -0.00015515   1.26415387   0.79904252
190.20000000   0.74310868   1.02306566   0.79943693
190.40000000   1.20282716   0.39098580   0.79983153
190.60000000   1.20322019  -0.39078617   0.80022633
190.80000000   0.74391090  -1.02364018   0.80062133
191.00000000   0.00015616  -1.26571442   0.80101651
191.20000000  -0.74402536  -1.02432908   0.80141190
191.40000000  -1.20431175  -0.39146923   0.80180748
191.60000000  -1.20470578   0.39126780   0.80220325
191.80000000  -0.74482989   1.02490334   0.80259922
192.00000000  -0.00015717   1.26727690   0.80299538
192.20000000   0.74494317   1.02559405   0.80339174
192.40000000   1.20579817   0.39195326   0.80378830
192.60000000   1.20619319  -0.39175002   0.80418505
192.80000000   0.74575002  -1.02616807   0.80458200
193.00000000   0.00015819  -1.26884130   0.80497914
193.20000000  -0.74586211  -1.02686059   0.80537648
193.40000000  -1.20728643  -0.39243790   0.80577401
193.60000000  -1.20768244   0.39223284   0.80617175
193.80000000  -0.74667128   1.02743435   0.80656967
194.00000000  -0.00015920   1.27040764   0.80696780
194.20000000   0.74678218   1.02812869   0.80736612
194.40000000   1.20877653   0.39292313   0.80776464
194.60000000   1.20917354  -0.39271626   0.80816335
194.80000000   0.74759369  -1.02870219   0.80856226
195.00000000   0.00016022  -1.27197591   0.80896137
195.20000000  -0.74770339  -1.02939836   0.80936067
195.40000000  -1.21026846  -0.39340896   0.80976018
195.60000000  -1.21066647   0.39320027   0.81015988
195.80000000  -0.74851723   1.02997160   0.81055977
196.00000000  -0.00016124   1.27354611   0.81095987
196.20000000   0.74862574   1.03066960   0.81136016
196.40000000   1.21176224   0.39389539   0.81176065
196.60000000   1.21216124  -0.39368488   0.81216133
196.80000000   0.74944191  -1.03124258   0.81256222
197.00000000   0.00016227  -1.27511826   0.81296330
197.20000000  -0.74954922  -1.03194240   0.81336458
197.40000000  -1.21325785  -0.39438242   0.81376606
197.60000000  -1.21365786   0.39417008   0.81416773
197.80000000  -0.75036773   1.03251512   0.81456961
198.00000000  -0.00016329   1.27669234   0.81497168
198.20000000   0.75047384   1.03321678   0.81537395
198.40000000   1.21475532   0.39487005   0.81577642
198.60000000   1.21515633  -0.39465589   0.81617909
198.80000000   0.75129470  -1.03378924   0.81658196
199.00000000   0.00016432  -1.27826837   0.81698503
199.20000000  -0.75139960  -1.03449273   0.81738829
199.40000000  -1.21625463  -0.39535829   0.81779176
199.60000000  -1.21665665   0.39514229   0.81819542
199.80000000  -0.75222281   1.03506493   0.81859928
200.00000000  -0.00016535   1.27984634   0.81900334
