# dT = 0.00250000
# Vi = 1.00000000
# Xi = 0.00000000
# tot_Step =   80001
# print_skip =      80
# method = Predictor-Corrector
#                   t                  vel                  pos                    E
  0.00000000   0.00000000   1.00000000   0.50000000
  0.20000000   0.58777355   0.80901886   0.49999463
  0.40000000   0.95103978   0.30902311   0.49998598
  0.60000000   0.95104474  -0.30900774   0.49998594
  0.80000000   0.58778655  -0.80900928   0.49999452
  1.00000000   0.00001615  -0.99999981   0.49999981
  1.20000000  -0.58776038  -0.80902820   0.49999444
  1.40000000  -0.95103461  -0.30903841   0.49998579
  1.60000000  -0.95104954   0.30899233   0.49998575
  1.80000000  -0.58779950   0.80899963   0.49999433
  2.00000000  -0.00003230   0.99999962   0.49999962
  2.20000000   0.58774720   0.80903754   0.49999425
  2.40000000   0.95102944   0.30905371   0.49998560
  2.60000000   0.95105435  -0.30897691   0.49998556
  2.80000000   0.58781245  -0.80898999   0.49999414
  3.00000000   0.00004844  -0.99999943   0.49999943
  3.20000000  -0.58773402  -0.80904687   0.49999406
  3.40000000  -0.95102427  -0.30906901   0.49998541
  3.60000000  -0.95105916   0.30896149   0.49998537
  3.80000000  -0.58782541   0.80898034   0.49999395
  4.00000000  -0.00006459   0.99999924   0.49999924
  4.20000000   0.58772085   0.80905621   0.49999387
  4.40000000   0.95101909   0.30908431   0.49998521
  4.60000000   0.95106397  -0.30894608   0.49998518
  4.80000000   0.58783836  -0.80897069   0.49999376
  5.00000000   0.00008074  -0.99999905   0.49999905
  5.20000000  -0.58770767  -0.80906555   0.49999368
  5.40000000  -0.95101392  -0.30909961   0.49998502
  5.60000000  -0.95106878   0.30893066   0.49998499
  5.80000000  -0.58785131   0.80896105   0.49999357
  6.00000000  -0.00009689   0.99999885   0.49999886
  6.20000000   0.58769449   0.80907489   0.49999349
  6.40000000   0.95100875   0.30911491   0.49998483
  6.60000000   0.95107358  -0.30891524   0.49998479
  6.80000000   0.58786426  -0.80895140   0.49999338
  7.00000000   0.00011304  -0.99999866   0.49999867
  7.20000000  -0.58768132  -0.80908422   0.49999330
  7.40000000  -0.95100358  -0.30913021   0.49998464
  7.60000000  -0.95107839   0.30889982   0.49998460
  7.80000000  -0.58787721   0.80894175   0.49999319
  8.00000000  -0.00012919   0.99999847   0.49999848
  8.20000000   0.58766814   0.80909356   0.49999311
  8.40000000   0.95099840   0.30914551   0.49998445
  8.60000000   0.95108320  -0.30888441   0.49998441
  8.80000000   0.58789016  -0.80893210   0.49999300
  9.00000000   0.00014533  -0.99999828   0.49999829
  9.20000000  -0.58765496  -0.80910289   0.49999292
  9.40000000  -0.95099323  -0.30916081   0.49998426
  9.60000000  -0.95108801   0.30886899   0.49998422
  9.80000000  -0.58790311   0.80892246   0.49999281
 10.00000000  -0.00016148   0.99999808   0.49999810
 10.20000000   0.58764178   0.80911223   0.49999273
 10.40000000   0.95098806   0.30917610   0.49998407
 10.60000000   0.95109281  -0.30885357   0.49998403
 10.80000000   0.58791607  -0.80891281   0.49999261
 11.00000000   0.00017763  -0.99999789   0.49999791
 11.20000000  -0.58762861  -0.80912157   0.49999254
 11.40000000  -0.95098288  -0.30919140   0.49998388
 11.60000000  -0.95109762   0.30883815   0.49998384
 11.80000000  -0.58792902   0.80890316   0.49999242
 12.00000000  -0.00019378   0.99999770   0.49999772
 12.20000000   0.58761543   0.80913090   0.49999235
 12.40000000   0.95097771   0.30920670   0.49998369
 12.60000000   0.95110243  -0.30882273   0.49998365
 12.80000000   0.58794197  -0.80889351   0.49999223
 13.00000000   0.00020993  -0.99999750   0.49999753
 13.20000000  -0.58760225  -0.80914024   0.49999216
 13.40000000  -0.95097254  -0.30922200   0.49998350
 13.60000000  -0.95110723   0.30880732   0.49998346
 13.80000000  -0.58795492   0.80888386   0.49999204
 14.00000000  -0.00022608   0.99999731   0.49999734
 14.20000000   0.58758907   0.80914957   0.49999197
 14.40000000   0.95096736   0.30923730   0.49998331
 14.60000000   0.95111204  -0.30879190   0.49998327
 14.80000000   0.58796787  -0.80887421   0.49999185
 15.00000000   0.00024222  -0.99999712   0.49999715
 15.20000000  -0.58757589  -0.80915891   0.49999178
 15.40000000  -0.95096219  -0.30925260   0.49998312
 15.60000000  -0.95111684   0.30877648   0.49998308
 15.80000000  -0.58798082   0.80886456   0.49999166
 16.00000000  -0.00025837   0.99999692   0.49999696
 16.20000000   0.58756272   0.80916824   0.49999159
 16.40000000   0.95095701   0.30926789   0.49998293
 16.60000000   0.95112165  -0.30876106   0.49998289
 16.80000000   0.58799377  -0.80885492   0.49999147
 17.00000000   0.00027452  -0.99999673   0.49999677
 17.20000000  -0.58754954  -0.80917758   0.49999140
 17.40000000  -0.95095184  -0.30928319   0.49998274
 17.60000000  -0.95112645   0.30874564   0.49998270
 17.80000000  -0.58800672   0.80884527   0.49999128
 18.00000000  -0.00029067   0.99999653   0.49999658
 18.20000000   0.58753636   0.80918691   0.49999121
 18.40000000   0.95094666   0.30929849   0.49998255
 18.60000000   0.95113126  -0.30873023   0.49998251
 18.80000000   0.58801967  -0.80883562   0.49999109
 19.00000000   0.00030682  -0.99999634   0.49999639
 19.20000000  -0.58752318  -0.80919624   0.49999102
 19.40000000  -0.95094149  -0.30931379   0.49998236
 19.60000000  -0.95113606   0.30871481   0.49998232
 19.80000000  -0.58803262   0.80882597   0.49999090
 20.00000000  -0.00032297   0.99999614   0.49999619
 20.20000000   0.58751000   0.80920558   0.49999083
 20.40000000   0.95093631   0.30932908   0.49998217
 20.60000000   0.95114087  -0.30869939   0.49998213
 20.80000000   0.58804556  -0.80881632   0.49999071
 21.00000000   0.00033911  -0.99999595   0.49999600
 21.20000000  -0.58749682  -0.80921491   0.49999064
 21.40000000  -0.95093113  -0.30934438   0.49998198
 21.60000000  -0.95114567   0.30868397   0.49998194
 21.80000000  -0.58805851   0.80880667   0.49999052
 22.00000000  -0.00035526   0.99999575   0.49999581
 22.20000000   0.58748364   0.80922424   0.49999045
 22.40000000   0.95092596   0.30935968   0.49998179
 22.60000000   0.95115047  -0.30866855   0.49998175
 22.80000000   0.58807146  -0.80879702   0.49999033
 23.00000000   0.00037141  -0.99999556   0.49999562
 23.20000000  -0.58747046  -0.80923358   0.49999026
 23.40000000  -0.95092078  -0.30937498   0.49998160
 23.60000000  -0.95115528   0.30865313   0.49998156
 23.80000000  -0.58808441   0.80878737   0.49999014
 24.00000000  -0.00038756   0.99999536   0.49999543
 24.20000000   0.58745728   0.80924291   0.49999007
 24.40000000   0.95091560   0.30939027   0.49998141
 24.60000000   0.95116008  -0.30863771   0.49998137
 24.80000000   0.58809736  -0.80877771   0.49998995
 25.00000000   0.00040371  -0.99999516   0.49999524
 25.20000000  -0.58744410  -0.80925224   0.49998988
 25.40000000  -0.95091043  -0.30940557   0.49998122
 25.60000000  -0.95116488   0.30862229   0.49998118
 25.80000000  -0.58811031   0.80876806   0.49998976
 26.00000000  -0.00041985   0.99999497   0.49999505
 26.20000000   0.58743092   0.80926158   0.49998969
 26.40000000   0.95090525   0.30942087   0.49998103
 26.60000000   0.95116969  -0.30860688   0.49998099
 26.80000000   0.58812326  -0.80875841   0.49998957
 27.00000000   0.00043600  -0.99999477   0.49999486
 27.20000000  -0.58741774  -0.80927091   0.49998950
 27.40000000  -0.95090007  -0.30943617   0.49998084
 27.60000000  -0.95117449   0.30859146   0.49998080
 27.80000000  -0.58813620   0.80874876   0.49998938
 28.00000000  -0.00045215   0.99999457   0.49999467
 28.20000000   0.58740456   0.80928024   0.49998931
 28.40000000   0.95089489   0.30945146   0.49998065
 28.60000000   0.95117929  -0.30857604   0.49998061
 28.80000000   0.58814915  -0.80873911   0.49998919
 29.00000000   0.00046830  -0.99999437   0.49999448
 29.20000000  -0.58739138  -0.80928957   0.49998912
 29.40000000  -0.95088971  -0.30946676   0.49998046
 29.60000000  -0.95118409   0.30856062   0.49998042
 29.80000000  -0.58816210   0.80872946   0.49998900
 30.00000000  -0.00048445   0.99999418   0.49999429
 30.20000000   0.58737820   0.80929890   0.49998893
 30.40000000   0.95088454   0.30948206   0.49998027
 30.60000000   0.95118889  -0.30854520   0.49998023
 30.80000000   0.58817505  -0.80871980   0.49998881
 31.00000000   0.00050060  -0.99999398   0.49999410
 31.20000000  -0.58736502  -0.80930823   0.49998874
 31.40000000  -0.95087936  -0.30949735   0.49998008
 31.60000000  -0.95119369   0.30852978   0.49998003
 31.80000000  -0.58818800   0.80871015   0.49998861
 32.00000000  -0.00051674   0.99999378   0.49999391
 32.20000000   0.58735184   0.80931757   0.49998855
 32.40000000   0.95087418   0.30951265   0.49997989
 32.60000000   0.95119850  -0.30851436   0.49997984
 32.80000000   0.58820094  -0.80870050   0.49998842
 33.00000000   0.00053289  -0.99999358   0.49999372
 33.20000000  -0.58733866  -0.80932690   0.49998836
 33.40000000  -0.95086900  -0.30952795   0.49997970
 33.60000000  -0.95120330   0.30849894   0.49997965
 33.80000000  -0.58821389   0.80869085   0.49998823
 34.00000000  -0.00054904   0.99999338   0.49999353
 34.20000000   0.58732548   0.80933623   0.49998817
 34.40000000   0.95086382   0.30954324   0.49997951
 34.60000000   0.95120810  -0.30848352   0.49997946
 34.80000000   0.58822684  -0.80868119   0.49998804
 35.00000000   0.00056519  -0.99999318   0.49999334
 35.20000000  -0.58731230  -0.80934556   0.49998798
 35.40000000  -0.95085864  -0.30955854   0.49997932
 35.60000000  -0.95121290   0.30846810   0.49997927
 35.80000000  -0.58823978   0.80867154   0.49998785
 36.00000000  -0.00058134   0.99999298   0.49999315
 36.20000000   0.58729912   0.80935489   0.49998779
 36.40000000   0.95085346   0.30957384   0.49997913
 36.60000000   0.95121770  -0.30845268   0.49997908
 36.80000000   0.58825273  -0.80866189   0.49998766
 37.00000000   0.00059748  -0.99999278   0.49999296
 37.20000000  -0.58728593  -0.80936422   0.49998760
 37.40000000  -0.95084828  -0.30958913   0.49997894
 37.60000000  -0.95122250   0.30843726   0.49997889
 37.80000000  -0.58826568   0.80865223   0.49998747
 38.00000000  -0.00061363   0.99999258   0.49999277
 38.20000000   0.58727275   0.80937355   0.49998741
 38.40000000   0.95084310   0.30960443   0.49997875
 38.60000000   0.95122730  -0.30842184   0.49997870
 38.80000000   0.58827862  -0.80864258   0.49998728
 39.00000000   0.00062978  -0.99999238   0.49999258
 39.20000000  -0.58725957  -0.80938288   0.49998722
 39.40000000  -0.95083792  -0.30961972   0.49997856
 39.60000000  -0.95123210   0.30840642   0.49997851
 39.80000000  -0.58829157   0.80863293   0.49998709
 40.00000000  -0.00064593   0.99999218   0.49999239
 40.20000000   0.58724639   0.80939221   0.49998703
 40.40000000   0.95083274   0.30963502   0.49997837
 40.60000000   0.95123690  -0.30839100   0.49997832
 40.80000000   0.58830452  -0.80862327   0.49998690
 41.00000000   0.00066208  -0.99999198   0.49999220
 41.20000000  -0.58723321  -0.80940154   0.49998684
 41.40000000  -0.95082756  -0.30965032   0.49997818
 41.60000000  -0.95124169   0.30837558   0.49997813
 41.80000000  -0.58831746   0.80861362   0.49998671
 42.00000000  -0.00067822   0.99999178   0.49999201
 42.20000000   0.58722002   0.80941087   0.49998665
 42.40000000   0.95082238   0.30966561   0.49997799
 42.60000000   0.95124649  -0.30836016   0.49997794
 42.80000000   0.58833041  -0.80860396   0.49998652
 43.00000000   0.00069437  -0.99999158   0.49999182
 43.20000000  -0.58720684  -0.80942019   0.49998646
 43.40000000  -0.95081719  -0.30968091   0.49997780
 43.60000000  -0.95125129   0.30834474   0.49997775
 43.80000000  -0.58834335   0.80859431   0.49998633
 44.00000000  -0.00071052   0.99999138   0.49999163
 44.20000000   0.58719366   0.80942952   0.49998627
 44.40000000   0.95081201   0.30969620   0.49997761
 44.60000000   0.95125609  -0.30832932   0.49997756
 44.80000000   0.58835630  -0.80858465   0.49998614
 45.00000000   0.00072667  -0.99999117   0.49999144
 45.20000000  -0.58718048  -0.80943885   0.49998608
 45.40000000  -0.95080683  -0.30971150   0.49997742
 45.60000000  -0.95126089   0.30831390   0.49997737
 45.80000000  -0.58836924   0.80857500   0.49998595
 46.00000000  -0.00074282   0.99999097   0.49999125
 46.20000000   0.58716729   0.80944818   0.49998589
 46.40000000   0.95080165   0.30972679   0.49997723
 46.60000000   0.95126569  -0.30829848   0.49997718
 46.80000000   0.58838219  -0.80856534   0.49998576
 47.00000000   0.00075896  -0.99999077   0.49999106
 47.20000000  -0.58715411  -0.80945751   0.49998570
 47.40000000  -0.95079647  -0.30974209   0.49997704
 47.60000000  -0.95127048   0.30828306   0.49997699
 47.80000000  -0.58839513   0.80855569   0.49998557
 48.00000000  -0.00077511   0.99999057   0.49999087
 48.20000000   0.58714093   0.80946684   0.49998551
 48.40000000   0.95079128   0.30975739   0.49997685
 48.60000000   0.95127528  -0.30826764   0.49997680
 48.80000000   0.58840808  -0.80854603   0.49998538
 49.00000000   0.00079126  -0.99999036   0.49999068
 49.20000000  -0.58712774  -0.80947616   0.49998532
 49.40000000  -0.95078610  -0.30977268   0.49997666
 49.60000000  -0.95128008   0.30825222   0.49997661
 49.80000000  -0.58842102   0.80853638   0.49998519
 50.00000000  -0.00080741   0.99999016   0.49999049
 50.20000000   0.58711456   0.80948549   0.49998513
 50.40000000   0.95078092   0.30978798   0.49997647
 50.60000000   0.95128487  -0.30823680   0.49997642
 50.80000000   0.58843397  -0.80852672   0.49998500
 51.00000000   0.00082356  -0.99998996   0.49999030
 51.20000000  -0.58710138  -0.80949482   0.49998494
 51.40000000  -0.95077573  -0.30980327   0.49997628
 51.60000000  -0.95128967   0.30822138   0.49997623
 51.80000000  -0.58844691   0.80851706   0.49998480
 52.00000000  -0.00083970   0.99998975   0.49999011
 52.20000000   0.58708819   0.80950414   0.49998475
 52.40000000   0.95077055   0.30981857   0.49997609
 52.60000000   0.95129447  -0.30820596   0.49997604
 52.80000000   0.58845986  -0.80850741   0.49998461
 53.00000000   0.00085585  -0.99998955   0.49998992
 53.20000000  -0.58707501  -0.80951347   0.49998456
 53.40000000  -0.95076537  -0.30983386   0.49997590
 53.60000000  -0.95129926   0.30819054   0.49997585
 53.80000000  -0.58847280   0.80849775   0.49998442
 54.00000000  -0.00087200   0.99998935   0.49998973
 54.20000000   0.58706183   0.80952280   0.49998437
 54.40000000   0.95076018   0.30984915   0.49997571
 54.60000000   0.95130406  -0.30817511   0.49997566
 54.80000000   0.58848574  -0.80848809   0.49998423
 55.00000000   0.00088815  -0.99998914   0.49998954
 55.20000000  -0.58704864  -0.80953212   0.49998418
 55.40000000  -0.95075500  -0.30986445   0.49997552
 55.60000000  -0.95130885   0.30815969   0.49997547
 55.80000000  -0.58849869   0.80847844   0.49998404
 56.00000000  -0.00090430   0.99998894   0.49998935
 56.20000000   0.58703546   0.80954145   0.49998399
 56.40000000   0.95074981   0.30987974   0.49997533
 56.60000000   0.95131365  -0.30814427   0.49997528
 56.80000000   0.58851163  -0.80846878   0.49998385
 57.00000000   0.00092044  -0.99998873   0.49998916
 57.20000000  -0.58702227  -0.80955078   0.49998380
 57.40000000  -0.95074463  -0.30989504   0.49997514
 57.60000000  -0.95131844   0.30812885   0.49997508
 57.80000000  -0.58852457   0.80845912   0.49998366
 58.00000000  -0.00093659   0.99998853   0.49998897
 58.20000000   0.58700909   0.80956010   0.49998361
 58.40000000   0.95073944   0.30991033   0.49997495
 58.60000000   0.95132324  -0.30811343   0.49997489
 58.80000000   0.58853752  -0.80844946   0.49998347
 59.00000000   0.00095274  -0.99998832   0.49998878
 59.20000000  -0.58699590  -0.80956943   0.49998342
 59.40000000  -0.95073426  -0.30992563   0.49997476
 59.60000000  -0.95132803   0.30809801   0.49997470
 59.80000000  -0.58855046   0.80843980   0.49998328
 60.00000000  -0.00096889   0.99998812   0.49998858
 60.20000000   0.58698272   0.80957875   0.49998323
 60.40000000   0.95072907   0.30994092   0.49997457
 60.60000000   0.95133283  -0.30808259   0.49997451
 60.80000000   0.58856340  -0.80843015   0.49998309
 61.00000000   0.00098504  -0.99998791   0.49998839
 61.20000000  -0.58696953  -0.80958808   0.49998304
 61.40000000  -0.95072388  -0.30995622   0.49997438
 61.60000000  -0.95133762   0.30806717   0.49997432
 61.80000000  -0.58857635   0.80842049   0.49998290
 62.00000000  -0.00100118   0.99998770   0.49998820
 62.20000000   0.58695635   0.80959740   0.49998285
 62.40000000   0.95071870   0.30997151   0.49997419
 62.60000000   0.95134241  -0.30805174   0.49997413
 62.80000000   0.58858929  -0.80841083   0.49998271
 63.00000000   0.00101733  -0.99998750   0.49998801
 63.20000000  -0.58694316  -0.80960673   0.49998266
 63.40000000  -0.95071351  -0.30998680   0.49997400
 63.60000000  -0.95134721   0.30803632   0.49997394
 63.80000000  -0.58860223   0.80840117   0.49998252
 64.00000000  -0.00103348   0.99998729   0.49998782
 64.20000000   0.58692998   0.80961605   0.49998247
 64.40000000   0.95070832   0.31000210   0.49997381
 64.60000000   0.95135200  -0.30802090   0.49997375
 64.80000000   0.58861517  -0.80839151   0.49998233
 65.00000000   0.00104963  -0.99998708   0.49998763
 65.20000000  -0.58691679  -0.80962537   0.49998228
 65.40000000  -0.95070314  -0.31001739   0.49997362
 65.60000000  -0.95135679   0.30800548   0.49997356
 65.80000000  -0.58862812   0.80838185   0.49998214
 66.00000000  -0.00106578   0.99998688   0.49998744
 66.20000000   0.58690361   0.80963470   0.49998209
 66.40000000   0.95069795   0.31003269   0.49997343
 66.60000000   0.95136159  -0.30799006   0.49997337
 66.80000000   0.58864106  -0.80837219   0.49998195
 67.00000000   0.00108192  -0.99998667   0.49998725
 67.20000000  -0.58689042  -0.80964402   0.49998190
 67.40000000  -0.95069276  -0.31004798   0.49997324
 67.60000000  -0.95136638   0.30797463   0.49997318
 67.80000000  -0.58865400   0.80836253   0.49998176
 68.00000000  -0.00109807   0.99998646   0.49998706
 68.20000000   0.58687723   0.80965335   0.49998171
 68.40000000   0.95068757   0.31006327   0.49997305
 68.60000000   0.95137117  -0.30795921   0.49997299
 68.80000000   0.58866694  -0.80835287   0.49998157
 69.00000000   0.00111422  -0.99998625   0.49998687
 69.20000000  -0.58686405  -0.80966267   0.49998152
 69.40000000  -0.95068239  -0.31007857   0.49997286
 69.60000000  -0.95137596   0.30794379   0.49997280
 69.80000000  -0.58867988   0.80834321   0.49998138
 70.00000000  -0.00113037   0.99998604   0.49998668
 70.20000000   0.58685086   0.80967199   0.49998133
 70.40000000   0.95067720   0.31009386   0.49997267
 70.60000000   0.95138075  -0.30792837   0.49997261
 70.80000000   0.58869282  -0.80833355   0.49998119
 71.00000000   0.00114652  -0.99998583   0.49998649
 71.20000000  -0.58683767  -0.80968131   0.49998114
 71.40000000  -0.95067201  -0.31010915   0.49997248
 71.60000000  -0.95138555   0.30791295   0.49997242
 71.80000000  -0.58870577   0.80832389   0.49998100
 72.00000000  -0.00116266   0.99998563   0.49998630
 72.20000000   0.58682449   0.80969064   0.49998095
 72.40000000   0.95066682   0.31012445   0.49997229
 72.60000000   0.95139034  -0.30789752   0.49997223
 72.80000000   0.58871871  -0.80831423   0.49998080
 73.00000000   0.00117881  -0.99998542   0.49998611
 73.20000000  -0.58681130  -0.80969996   0.49998076
 73.40000000  -0.95066163  -0.31013974   0.49997210
 73.60000000  -0.95139513   0.30788210   0.49997204
 73.80000000  -0.58873165   0.80830457   0.49998061
 74.00000000  -0.00119496   0.99998521   0.49998592
 74.20000000   0.58679811   0.80970928   0.49998057
 74.40000000   0.95065644   0.31015503   0.49997191
 74.60000000   0.95139992  -0.30786668   0.49997185
 74.80000000   0.58874459  -0.80829491   0.49998042
 75.00000000   0.00121111  -0.99998500   0.49998573
 75.20000000  -0.58678493  -0.80971860   0.49998038
 75.40000000  -0.95065125  -0.31017032   0.49997172
 75.60000000  -0.95140471   0.30785126   0.49997166
 75.80000000  -0.58875753   0.80828525   0.49998023
 76.00000000  -0.00122726   0.99998479   0.49998554
 76.20000000   0.58677174   0.80972793   0.49998019
 76.40000000   0.95064606   0.31018562   0.49997153
 76.60000000   0.95140950  -0.30783583   0.49997147
 76.80000000   0.58877047  -0.80827558   0.49998004
 77.00000000   0.00124340  -0.99998458   0.49998535
 77.20000000  -0.58675855  -0.80973725   0.49998000
 77.40000000  -0.95064087  -0.31020091   0.49997134
 77.60000000  -0.95141429   0.30782041   0.49997128
 77.80000000  -0.58878341   0.80826592   0.49997985
 78.00000000  -0.00125955   0.99998437   0.49998516
 78.20000000   0.58674536   0.80974657   0.49997981
 78.40000000   0.95063568   0.31021620   0.49997115
 78.60000000   0.95141908  -0.30780499   0.49997109
 78.80000000   0.58879635  -0.80825626   0.49997966
 79.00000000   0.00127570  -0.99998416   0.49998497
 79.20000000  -0.58673218  -0.80975589   0.49997962
 79.40000000  -0.95063049  -0.31023150   0.49997096
 79.60000000  -0.95142387   0.30778956   0.49997090
 79.80000000  -0.58880929   0.80824660   0.49997947
 80.00000000  -0.00129185   0.99998395   0.49998478
 80.20000000   0.58671899   0.80976521   0.49997943
 80.40000000   0.95062530   0.31024679   0.49997077
 80.60000000   0.95142866  -0.30777414   0.49997071
 80.80000000   0.58882223  -0.80823694   0.49997928
 81.00000000   0.00130799  -0.99998373   0.49998459
 81.20000000  -0.58670580  -0.80977453   0.49997924
 81.40000000  -0.95062011  -0.31026208   0.49997058
 81.60000000  -0.95143345   0.30775872   0.49997052
 81.80000000  -0.58883517   0.80822727   0.49997909
 82.00000000  -0.00132414   0.99998352   0.49998440
 82.20000000   0.58669261   0.80978385   0.49997905
 82.40000000   0.95061492   0.31027737   0.49997039
 82.60000000   0.95143823  -0.30774330   0.49997033
 82.80000000   0.58884811  -0.80821761   0.49997890
 83.00000000   0.00134029  -0.99998331   0.49998421
 83.20000000  -0.58667942  -0.80979317   0.49997886
 83.40000000  -0.95060973  -0.31029267   0.49997020
 83.60000000  -0.95144302   0.30772787   0.49997013
 83.80000000  -0.58886105   0.80820795   0.49997871
 84.00000000  -0.00135644   0.99998310   0.49998402
 84.20000000   0.58666623   0.80980249   0.49997867
 84.40000000   0.95060454   0.31030796   0.49997001
 84.60000000   0.95144781  -0.30771245   0.49996994
 84.80000000   0.58887399  -0.80819828   0.49997852
 85.00000000   0.00137259  -0.99998289   0.49998383
 85.20000000  -0.58665305  -0.80981181   0.49997848
 85.40000000  -0.95059935  -0.31032325   0.49996982
 85.60000000  -0.95145260   0.30769703   0.49996975
 85.80000000  -0.58888693   0.80818862   0.49997833
 86.00000000  -0.00138873   0.99998267   0.49998364
 86.20000000   0.58663986   0.80982113   0.49997829
 86.40000000   0.95059415   0.31033854   0.49996963
 86.60000000   0.95145739  -0.30768160   0.49996956
 86.80000000   0.58889986  -0.80817896   0.49997814
 87.00000000   0.00140488  -0.99998246   0.49998345
 87.20000000  -0.58662667  -0.80983045   0.49997810
 87.40000000  -0.95058896  -0.31035383   0.49996944
 87.60000000  -0.95146217   0.30766618   0.49996937
 87.80000000  -0.58891280   0.80816929   0.49997795
 88.00000000  -0.00142103   0.99998225   0.49998326
 88.20000000   0.58661348   0.80983977   0.49997791
 88.40000000   0.95058377   0.31036913   0.49996925
 88.60000000   0.95146696  -0.30765076   0.49996918
 88.80000000   0.58892574  -0.80815963   0.49997776
 89.00000000   0.00143718  -0.99998203   0.49998307
 89.20000000  -0.58660029  -0.80984909   0.49997772
 89.40000000  -0.95057857  -0.31038442   0.49996906
 89.60000000  -0.95147175   0.30763533   0.49996899
 89.80000000  -0.58893868   0.80814996   0.49997757
 90.00000000  -0.00145332   0.99998182   0.49998288
 90.20000000   0.58658710   0.80985841   0.49997753
 90.40000000   0.95057338   0.31039971   0.49996887
 90.60000000   0.95147653  -0.30761991   0.49996880
 90.80000000   0.58895162  -0.80814030   0.49997738
 91.00000000   0.00146947  -0.99998161   0.49998269
 91.20000000  -0.58657391  -0.80986773   0.49997734
 91.40000000  -0.95056819  -0.31041500   0.49996868
 91.60000000  -0.95148132   0.30760448   0.49996861
 91.80000000  -0.58896456   0.80813064   0.49997719
 92.00000000  -0.00148562   0.99998139   0.49998250
 92.20000000   0.58656072   0.80987704   0.49997715
 92.40000000   0.95056299   0.31043029   0.49996849
 92.60000000   0.95148611  -0.30758906   0.49996842
 92.80000000   0.58897749  -0.80812097   0.49997700
 93.00000000   0.00150177  -0.99998118   0.49998231
 93.20000000  -0.58654753  -0.80988636   0.49997696
 93.40000000  -0.95055780  -0.31044558   0.49996830
 93.60000000  -0.95149089   0.30757364   0.49996823
 93.80000000  -0.58899043   0.80811131   0.49997680
 94.00000000  -0.00151792   0.99998096   0.49998212
 94.20000000   0.58653434   0.80989568   0.49997677
 94.40000000   0.95055261   0.31046087   0.49996811
 94.60000000   0.95149568  -0.30755821   0.49996804
 94.80000000   0.58900337  -0.80810164   0.49997661
 95.00000000   0.00153406  -0.99998075   0.49998193
 95.20000000  -0.58652115  -0.80990500   0.49997658
 95.40000000  -0.95054741  -0.31047617   0.49996792
 95.60000000  -0.95150046   0.30754279   0.49996785
 95.80000000  -0.58901631   0.80809197   0.49997642
 96.00000000  -0.00155021   0.99998053   0.49998174
 96.20000000   0.58650796   0.80991431   0.49997639
 96.40000000   0.95054222   0.31049146   0.49996773
 96.60000000   0.95150525  -0.30752736   0.49996766
 96.80000000   0.58902924  -0.80808231   0.49997623
 97.00000000   0.00156636  -0.99998032   0.49998155
 97.20000000  -0.58649477  -0.80992363   0.49997620
 97.40000000  -0.95053702  -0.31050675   0.49996754
 97.60000000  -0.95151003   0.30751194   0.49996747
 97.80000000  -0.58904218   0.80807264   0.49997604
 98.00000000  -0.00158251   0.99998010   0.49998136
 98.20000000   0.58648158   0.80993295   0.49997601
 98.40000000   0.95053183   0.31052204   0.49996735
 98.60000000   0.95151482  -0.30749652   0.49996728
 98.80000000   0.58905512  -0.80806298   0.49997585
 99.00000000   0.00159865  -0.99997989   0.49998117
 99.20000000  -0.58646839  -0.80994227   0.49997582
 99.40000000  -0.95052663  -0.31053733   0.49996716
 99.60000000  -0.95151960   0.30748109   0.49996709
 99.80000000  -0.58906805   0.80805331   0.49997566
100.00000000  -0.00161480   0.99997967   0.49998098
100.20000000   0.58645520   0.80995158   0.49997563
100.40000000   0.95052144   0.31055262   0.49996697
100.60000000   0.95152439  -0.30746567   0.49996690
100.80000000   0.58908099  -0.80804364   0.49997547
101.00000000   0.00163095  -0.99997945   0.49998078
101.20000000  -0.58644201  -0.80996090   0.49997544
101.40000000  -0.95051624  -0.31056791   0.49996678
101.60000000  -0.95152917   0.30745024   0.49996671
101.80000000  -0.58909393   0.80803398   0.49997528
102.00000000  -0.00164710   0.99997924   0.49998059
102.20000000   0.58642882   0.80997021   0.49997525
102.40000000   0.95051104   0.31058320   0.49996659
102.60000000   0.95153396  -0.30743482   0.49996652
102.80000000   0.58910686  -0.80802431   0.49997509
103.00000000   0.00166324  -0.99997902   0.49998040
103.20000000  -0.58641563  -0.80997953   0.49997506
103.40000000  -0.95050585  -0.31059849   0.49996640
103.60000000  -0.95153874   0.30741939   0.49996633
103.80000000  -0.58911980   0.80801464   0.49997490
104.00000000  -0.00167939   0.99997880   0.49998021
104.20000000   0.58640243   0.80998885   0.49997487
104.40000000   0.95050065   0.31061378   0.49996621
104.60000000   0.95154352  -0.30740397   0.49996614
104.80000000   0.58913273  -0.80800497   0.49997471
105.00000000   0.00169554  -0.99997859   0.49998002
105.20000000  -0.58638924  -0.80999816   0.49997468
105.40000000  -0.95049545  -0.31062907   0.49996602
105.60000000  -0.95154830   0.30738854   0.49996595
105.80000000  -0.58914567   0.80799531   0.49997452
106.00000000  -0.00171169   0.99997837   0.49997983
106.20000000   0.58637605   0.81000748   0.49997449
106.40000000   0.95049026   0.31064436   0.49996583
106.60000000   0.95155309  -0.30737312   0.49996576
106.80000000   0.58915861  -0.80798564   0.49997433
107.00000000   0.00172784  -0.99997815   0.49997964
107.20000000  -0.58636286  -0.81001679   0.49997430
107.40000000  -0.95048506  -0.31065965   0.49996564
107.60000000  -0.95155787   0.30735769   0.49996557
107.80000000  -0.58917154   0.80797597   0.49997414
108.00000000  -0.00174398   0.99997793   0.49997945
108.20000000   0.58634967   0.81002611   0.49997411
108.40000000   0.95047986   0.31067494   0.49996544
108.60000000   0.95156265  -0.30734227   0.49996538
108.80000000   0.58918448  -0.80796630   0.49997395
109.00000000   0.00176013  -0.99997771   0.49997926
109.20000000  -0.58633647  -0.81003542   0.49997392
109.40000000  -0.95047466  -0.31069023   0.49996525
109.60000000  -0.95156743   0.30732684   0.49996518
109.80000000  -0.58919741   0.80795663   0.49997376
110.00000000  -0.00177628   0.99997749   0.49997907
110.20000000   0.58632328   0.81004474   0.49997373
110.40000000   0.95046947   0.31070552   0.49996506
110.60000000   0.95157222  -0.30731142   0.49996499
110.80000000   0.58921035  -0.80794697   0.49997357
111.00000000   0.00179243  -0.99997728   0.49997888
111.20000000  -0.58631009  -0.81005405   0.49997354
111.40000000  -0.95046427  -0.31072081   0.49996487
111.60000000  -0.95157700   0.30729599   0.49996480
111.80000000  -0.58922328   0.80793730   0.49997338
112.00000000  -0.00180857   0.99997706   0.49997869
112.20000000   0.58629690   0.81006336   0.49997335
112.40000000   0.95045907   0.31073610   0.49996468
112.60000000   0.95158178  -0.30728057   0.49996461
112.80000000   0.58923622  -0.80792763   0.49997319
113.00000000   0.00182472  -0.99997684   0.49997850
113.20000000  -0.58628370  -0.81007268   0.49997316
113.40000000  -0.95045387  -0.31075139   0.49996449
113.60000000  -0.95158656   0.30726514   0.49996442
113.80000000  -0.58924915   0.80791796   0.49997300
114.00000000  -0.00184087   0.99997662   0.49997831
114.20000000   0.58627051   0.81008199   0.49997297
114.40000000   0.95044867   0.31076668   0.49996430
114.60000000   0.95159134  -0.30724972   0.49996423
114.80000000   0.58926209  -0.80790829   0.49997280
115.00000000   0.00185702  -0.99997640   0.49997812
115.20000000  -0.58625732  -0.81009131   0.49997278
115.40000000  -0.95044347  -0.31078197   0.49996411
115.60000000  -0.95159612   0.30723429   0.49996404
115.80000000  -0.58927502   0.80789862   0.49997261
116.00000000  -0.00187316   0.99997618   0.49997793
116.20000000   0.58624412   0.81010062   0.49997259
116.40000000   0.95043827   0.31079726   0.49996392
116.60000000   0.95160090  -0.30721886   0.49996385
116.80000000   0.58928795  -0.80788895   0.49997242
117.00000000   0.00188931  -0.99997596   0.49997774
117.20000000  -0.58623093  -0.81010993   0.49997240
117.40000000  -0.95043307  -0.31081255   0.49996373
117.60000000  -0.95160568   0.30720344   0.49996366
117.80000000  -0.58930089   0.80787928   0.49997223
118.00000000  -0.00190546   0.99997574   0.49997755
118.20000000   0.58621774   0.81011924   0.49997221
118.40000000   0.95042787   0.31082784   0.49996354
118.60000000   0.95161046  -0.30718801   0.49996347
118.80000000   0.58931382  -0.80786961   0.49997204
119.00000000   0.00192161  -0.99997551   0.49997736
119.20000000  -0.58620454  -0.81012856   0.49997202
119.40000000  -0.95042267  -0.31084313   0.49996335
119.60000000  -0.95161524   0.30717259   0.49996328
119.80000000  -0.58932675   0.80785994   0.49997185
120.00000000  -0.00193775   0.99997529   0.49997717
120.20000000   0.58619135   0.81013787   0.49997183
120.40000000   0.95041747   0.31085842   0.49996316
120.60000000   0.95162002  -0.30715716   0.49996309
120.80000000   0.58933969  -0.80785027   0.49997166
121.00000000   0.00195390  -0.99997507   0.49997698
121.20000000  -0.58617816  -0.81014718   0.49997164
121.40000000  -0.95041227  -0.31087371   0.49996297
121.60000000  -0.95162480   0.30714174   0.49996290
121.80000000  -0.58935262   0.80784060   0.49997147
122.00000000  -0.00197005   0.99997485   0.49997679
122.20000000   0.58616496   0.81015649   0.49997145
122.40000000   0.95040707   0.31088899   0.49996278
122.60000000   0.95162958  -0.30712631   0.49996271
122.80000000   0.58936555  -0.80783093   0.49997128
123.00000000   0.00198620  -0.99997463   0.49997660
123.20000000  -0.58615177  -0.81016580   0.49997126
123.40000000  -0.95040187  -0.31090428   0.49996259
123.60000000  -0.95163435   0.30711088   0.49996252
123.80000000  -0.58937849   0.80782125   0.49997109
124.00000000  -0.00200234   0.99997440   0.49997641
124.20000000   0.58613857   0.81017512   0.49997107
124.40000000   0.95039667   0.31091957   0.49996240
124.60000000   0.95163913  -0.30709546   0.49996233
124.80000000   0.58939142  -0.80781158   0.49997090
125.00000000   0.00201849  -0.99997418   0.49997622
125.20000000  -0.58612538  -0.81018443   0.49997088
125.40000000  -0.95039147  -0.31093486   0.49996221
125.60000000  -0.95164391   0.30708003   0.49996214
125.80000000  -0.58940435   0.80780191   0.49997071
126.00000000  -0.00203464   0.99997396   0.49997603
126.20000000   0.58611218   0.81019374   0.49997069
126.40000000   0.95038626   0.31095015   0.49996202
126.60000000   0.95164869  -0.30706460   0.49996195
126.80000000   0.58941729  -0.80779224   0.49997052
127.00000000   0.00205079  -0.99997374   0.49997584
127.20000000  -0.58609899  -0.81020305   0.49997050
127.40000000  -0.95038106  -0.31096544   0.49996183
127.60000000  -0.95165347   0.30704918   0.49996176
127.80000000  -0.58943022   0.80778257   0.49997033
128.00000000  -0.00206693   0.99997351   0.49997565
128.20000000   0.58608579   0.81021236   0.49997031
128.40000000   0.95037586   0.31098073   0.49996164
128.60000000   0.95165824  -0.30703375   0.49996157
128.80000000   0.58944315  -0.80777289   0.49997014
129.00000000   0.00208308  -0.99997329   0.49997546
129.20000000  -0.58607260  -0.81022167   0.49997012
129.40000000  -0.95037066  -0.31099601   0.49996145
129.60000000  -0.95166302   0.30701832   0.49996138
129.80000000  -0.58945608   0.80776322   0.49996995
130.00000000  -0.00209923   0.99997306   0.49997527
130.20000000   0.58605940   0.81023098   0.49996993
130.40000000   0.95036545   0.31101130   0.49996126
130.60000000   0.95166780  -0.30700290   0.49996119
130.80000000   0.58946901  -0.80775355   0.49996976
131.00000000   0.00211538  -0.99997284   0.49997508
131.20000000  -0.58604621  -0.81024029   0.49996974
131.40000000  -0.95036025  -0.31102659   0.49996107
131.60000000  -0.95167257   0.30698747   0.49996100
131.80000000  -0.58948194   0.80774388   0.49996957
132.00000000  -0.00213152   0.99997262   0.49997489
132.20000000   0.58603301   0.81024960   0.49996955
132.40000000   0.95035505   0.31104188   0.49996088
132.60000000   0.95167735  -0.30697204   0.49996081
132.80000000   0.58949488  -0.80773420   0.49996938
133.00000000   0.00214767  -0.99997239   0.49997470
133.20000000  -0.58601982  -0.81025891   0.49996936
133.40000000  -0.95034984  -0.31105717   0.49996069
133.60000000  -0.95168212   0.30695662   0.49996062
133.80000000  -0.58950781   0.80772453   0.49996919
134.00000000  -0.00216382   0.99997217   0.49997451
134.20000000   0.58600662   0.81026822   0.49996917
134.40000000   0.95034464   0.31107245   0.49996050
134.60000000   0.95168690  -0.30694119   0.49996043
134.80000000   0.58952074  -0.80771486   0.49996900
135.00000000   0.00217997  -0.99997194   0.49997432
135.20000000  -0.58599343  -0.81027753   0.49996898
135.40000000  -0.95033943  -0.31108774   0.49996031
135.60000000  -0.95169168   0.30692576   0.49996023
135.80000000  -0.58953367   0.80770518   0.49996880
136.00000000  -0.00219611   0.99997171   0.49997413
136.20000000   0.58598023   0.81028684   0.49996879
136.40000000   0.95033423   0.31110303   0.49996012
136.60000000   0.95169645  -0.30691034   0.49996004
136.80000000   0.58954660  -0.80769551   0.49996861
137.00000000   0.00221226  -0.99997149   0.49997394
137.20000000  -0.58596703  -0.81029614   0.49996860
137.40000000  -0.95032903  -0.31111832   0.49995993
137.60000000  -0.95170123   0.30689491   0.49995985
137.80000000  -0.58955953   0.80768583   0.49996842
138.00000000  -0.00222841   0.99997126   0.49997375
138.20000000   0.58595384   0.81030545   0.49996841
138.40000000   0.95032382   0.31113360   0.49995974
138.60000000   0.95170600  -0.30687948   0.49995966
138.80000000   0.58957246  -0.80767616   0.49996823
139.00000000   0.00224456  -0.99997104   0.49997356
139.20000000  -0.58594064  -0.81031476   0.49996822
139.40000000  -0.95031862  -0.31114889   0.49995955
139.60000000  -0.95171077   0.30686405   0.49995947
139.80000000  -0.58958539   0.80766648   0.49996804
140.00000000  -0.00226070   0.99997081   0.49997337
140.20000000   0.58592744   0.81032407   0.49996803
140.40000000   0.95031341   0.31116418   0.49995936
140.60000000   0.95171555  -0.30684863   0.49995928
140.80000000   0.58959832  -0.80765681   0.49996785
141.00000000   0.00227685  -0.99997058   0.49997318
141.20000000  -0.58591425  -0.81033338   0.49996784
141.40000000  -0.95030820  -0.31117947   0.49995917
141.60000000  -0.95172032   0.30683320   0.49995909
141.80000000  -0.58961125   0.80764713   0.49996766
142.00000000  -0.00229300   0.99997036   0.49997298
142.20000000   0.58590105   0.81034268   0.49996765
142.40000000   0.95030300   0.31119475   0.49995898
142.60000000   0.95172510  -0.30681777   0.49995890
142.80000000   0.58962418  -0.80763746   0.49996747
143.00000000   0.00230915  -0.99997013   0.49997279
143.20000000  -0.58588785  -0.81035199   0.49996746
143.40000000  -0.95029779  -0.31121004   0.49995879
143.60000000  -0.95172987   0.30680234   0.49995871
143.80000000  -0.58963711   0.80762778   0.49996728
144.00000000  -0.00232529   0.99996990   0.49997260
144.20000000   0.58587465   0.81036130   0.49996727
144.40000000   0.95029259   0.31122533   0.49995860
144.60000000   0.95173464  -0.30678692   0.49995852
144.80000000   0.58965004  -0.80761811   0.49996709
145.00000000   0.00234144  -0.99996967   0.49997241
145.20000000  -0.58586146  -0.81037061   0.49996708
145.40000000  -0.95028738  -0.31124061   0.49995841
145.60000000  -0.95173942   0.30677149   0.49995833
145.80000000  -0.58966297   0.80760843   0.49996690
146.00000000  -0.00235759   0.99996944   0.49997222
146.20000000   0.58584826   0.81037991   0.49996689
146.40000000   0.95028217   0.31125590   0.49995822
146.60000000   0.95174419  -0.30675606   0.49995814
146.80000000   0.58967590  -0.80759876   0.49996671
147.00000000   0.00237374  -0.99996922   0.49997203
147.20000000  -0.58583506  -0.81038922   0.49996670
147.40000000  -0.95027697  -0.31127119   0.49995803
147.60000000  -0.95174896   0.30674063   0.49995795
147.80000000  -0.58968883   0.80758908   0.49996652
148.00000000  -0.00238988   0.99996899   0.49997184
148.20000000   0.58582186   0.81039853   0.49996651
148.40000000   0.95027176   0.31128647   0.49995784
148.60000000   0.95175373  -0.30672520   0.49995776
148.80000000   0.58970176  -0.80757940   0.49996633
149.00000000   0.00240603  -0.99996876   0.49997165
149.20000000  -0.58580867  -0.81040783   0.49996632
149.40000000  -0.95026655  -0.31130176   0.49995765
149.60000000  -0.95175850   0.30670978   0.49995757
149.80000000  -0.58971469   0.80756973   0.49996614
150.00000000  -0.00242218   0.99996853   0.49997146
150.20000000   0.58579547   0.81041714   0.49996613
150.40000000   0.95026134   0.31131705   0.49995746
150.60000000   0.95176328  -0.30669435   0.49995738
150.80000000   0.58972762  -0.80756005   0.49996595
151.00000000   0.00243833  -0.99996830   0.49997127
151.20000000  -0.58578227  -0.81042644   0.49996594
151.40000000  -0.95025613  -0.31133233   0.49995727
151.60000000  -0.95176805   0.30667892   0.49995719
151.80000000  -0.58974054   0.80755037   0.49996576
152.00000000  -0.00245447   0.99996807   0.49997108
152.20000000   0.58576907   0.81043575   0.49996575
152.40000000   0.95025093   0.31134762   0.49995708
152.60000000   0.95177282  -0.30666349   0.49995700
152.80000000   0.58975347  -0.80754070   0.49996557
153.00000000   0.00247062  -0.99996784   0.49997089
153.20000000  -0.58575587  -0.81044505   0.49996556
153.40000000  -0.95024572  -0.31136291   0.49995689
153.60000000  -0.95177759   0.30664806   0.49995681
153.80000000  -0.58976640   0.80753102   0.49996538
154.00000000  -0.00248677   0.99996761   0.49997070
154.20000000   0.58574267   0.81045436   0.49996537
154.40000000   0.95024051   0.31137819   0.49995670
154.60000000   0.95178236  -0.30663264   0.49995662
154.80000000   0.58977933  -0.80752134   0.49996519
155.00000000   0.00250291  -0.99996738   0.49997051
155.20000000  -0.58572947  -0.81046366   0.49996518
155.40000000  -0.95023530  -0.31139348   0.49995651
155.60000000  -0.95178713   0.30661721   0.49995643
155.80000000  -0.58979226   0.80751166   0.49996500
156.00000000  -0.00251906   0.99996715   0.49997032
156.20000000   0.58571627   0.81047297   0.49996499
156.40000000   0.95023009   0.31140876   0.49995632
156.60000000   0.95179190  -0.30660178   0.49995624
156.80000000   0.58980518  -0.80750198   0.49996480
157.00000000   0.00253521  -0.99996692   0.49997013
157.20000000  -0.58570308  -0.81048227   0.49996480
157.40000000  -0.95022488  -0.31142405   0.49995613
157.60000000  -0.95179667   0.30658635   0.49995605
157.80000000  -0.58981811   0.80749231   0.49996461
158.00000000  -0.00255136   0.99996669   0.49996994
158.20000000   0.58568988   0.81049158   0.49996461
158.40000000   0.95021967   0.31143934   0.49995594
158.60000000   0.95180144  -0.30657092   0.49995586
158.80000000   0.58983104  -0.80748263   0.49996442
159.00000000   0.00256750  -0.99996645   0.49996975
159.20000000  -0.58567668  -0.81050088   0.49996442
159.40000000  -0.95021446  -0.31145462   0.49995575
159.60000000  -0.95180621   0.30655549   0.49995567
159.80000000  -0.58984397   0.80747295   0.49996423
160.00000000  -0.00258365   0.99996622   0.49996956
160.20000000   0.58566348   0.81051018   0.49996423
160.40000000   0.95020925   0.31146991   0.49995556
160.60000000   0.95181098  -0.30654006   0.49995548
160.80000000   0.58985689  -0.80746327   0.49996404
161.00000000   0.00259980  -0.99996599   0.49996937
161.20000000  -0.58565028  -0.81051949   0.49996404
161.40000000  -0.95020404  -0.31148519   0.49995537
161.60000000  -0.95181575   0.30652463   0.49995528
161.80000000  -0.58986982   0.80745359   0.49996385
162.00000000  -0.00261595   0.99996576   0.49996918
162.20000000   0.58563708   0.81052879   0.49996385
162.40000000   0.95019883   0.31150048   0.49995518
162.60000000   0.95182052  -0.30650920   0.49995509
162.80000000   0.58988275  -0.80744391   0.49996366
163.00000000   0.00263209  -0.99996553   0.49996899
163.20000000  -0.58562388  -0.81053809   0.49996366
163.40000000  -0.95019362  -0.31151576   0.49995499
163.60000000  -0.95182529   0.30649378   0.49995490
163.80000000  -0.58989567   0.80743423   0.49996347
164.00000000  -0.00264824   0.99996529   0.49996880
164.20000000   0.58561068   0.81054740   0.49996347
164.40000000   0.95018841   0.31153105   0.49995480
164.60000000   0.95183005  -0.30647835   0.49995471
164.80000000   0.58990860  -0.80742455   0.49996328
165.00000000   0.00266439  -0.99996506   0.49996861
165.20000000  -0.58559748  -0.81055670   0.49996328
165.40000000  -0.95018319  -0.31154633   0.49995461
165.60000000  -0.95183482   0.30646292   0.49995452
165.80000000  -0.58992153   0.80741487   0.49996309
166.00000000  -0.00268053   0.99996483   0.49996842
166.20000000   0.58558427   0.81056600   0.49996309
166.40000000   0.95017798   0.31156162   0.49995442
166.60000000   0.95183959  -0.30644749   0.49995433
166.80000000   0.58993445  -0.80740519   0.49996290
167.00000000   0.00269668  -0.99996459   0.49996823
167.20000000  -0.58557107  -0.81057530   0.49996290
167.40000000  -0.95017277  -0.31157690   0.49995423
167.60000000  -0.95184436   0.30643206   0.49995414
167.80000000  -0.58994738   0.80739551   0.49996271
168.00000000  -0.00271283   0.99996436   0.49996804
168.20000000   0.58555787   0.81058461   0.49996271
168.40000000   0.95016756   0.31159219   0.49995404
168.60000000   0.95184912  -0.30641663   0.49995395
168.80000000   0.58996030  -0.80738583   0.49996252
169.00000000   0.00272898  -0.99996412   0.49996785
169.20000000  -0.58554467  -0.81059391   0.49996252
169.40000000  -0.95016234  -0.31160747   0.49995385
169.60000000  -0.95185389   0.30640120   0.49995376
169.80000000  -0.58997323   0.80737615   0.49996233
170.00000000  -0.00274512   0.99996389   0.49996766
170.20000000   0.58553147   0.81060321   0.49996233
170.40000000   0.95015713   0.31162276   0.49995366
170.60000000   0.95185866  -0.30638577   0.49995357
170.80000000   0.58998616  -0.80736647   0.49996214
171.00000000   0.00276127  -0.99996365   0.49996747
171.20000000  -0.58551827  -0.81061251   0.49996214
171.40000000  -0.95015192  -0.31163804   0.49995347
171.60000000  -0.95186342   0.30637034   0.49995338
171.80000000  -0.58999908   0.80735679   0.49996195
172.00000000  -0.00277742   0.99996342   0.49996728
172.20000000   0.58550507   0.81062181   0.49996195
172.40000000   0.95014671   0.31165333   0.49995328
172.60000000   0.95186819  -0.30635491   0.49995319
172.80000000   0.59001201  -0.80734710   0.49996176
173.00000000   0.00279357  -0.99996318   0.49996709
173.20000000  -0.58549187  -0.81063111   0.49996176
173.40000000  -0.95014149  -0.31166861   0.49995309
173.60000000  -0.95187296   0.30633948   0.49995300
173.80000000  -0.59002493   0.80733742   0.49996157
174.00000000  -0.00280971   0.99996295   0.49996690
174.20000000   0.58547866   0.81064041   0.49996157
174.40000000   0.95013628   0.31168390   0.49995290
174.60000000   0.95187772  -0.30632405   0.49995281
174.80000000   0.59003786  -0.80732774   0.49996138
175.00000000   0.00282586  -0.99996271   0.49996671
175.20000000  -0.58546546  -0.81064971   0.49996138
175.40000000  -0.95013106  -0.31169918   0.49995271
175.60000000  -0.95188249   0.30630862   0.49995262
175.80000000  -0.59005078   0.80731806   0.49996119
176.00000000  -0.00284201   0.99996248   0.49996652
176.20000000   0.58545226   0.81065901   0.49996119
176.40000000   0.95012585   0.31171446   0.49995252
176.60000000   0.95188725  -0.30629319   0.49995243
176.80000000   0.59006370  -0.80730838   0.49996100
177.00000000   0.00285815  -0.99996224   0.49996633
177.20000000  -0.58543906  -0.81066831   0.49996100
177.40000000  -0.95012064  -0.31172975   0.49995233
177.60000000  -0.95189202   0.30627776   0.49995224
177.80000000  -0.59007663   0.80729869   0.49996080
178.00000000  -0.00287430   0.99996200   0.49996614
178.20000000   0.58542586   0.81067761   0.49996081
178.40000000   0.95011542   0.31174503   0.49995214
178.60000000   0.95189678  -0.30626233   0.49995205
178.80000000   0.59008955  -0.80728901   0.49996061
179.00000000   0.00289045  -0.99996177   0.49996595
179.20000000  -0.58541265  -0.81068691   0.49996062
179.40000000  -0.95011021  -0.31176032   0.49995195
179.60000000  -0.95190155   0.30624690   0.49995186
179.80000000  -0.59010248   0.80727933   0.49996042
180.00000000  -0.00290660   0.99996153   0.49996576
180.20000000   0.58539945   0.81069621   0.49996043
180.40000000   0.95010499   0.31177560   0.49995176
180.60000000   0.95190631  -0.30623147   0.49995167
180.80000000   0.59011540  -0.80726965   0.49996023
181.00000000   0.00292274  -0.99996129   0.49996557
181.20000000  -0.58538625  -0.81070551   0.49996024
181.40000000  -0.95009977  -0.31179088   0.49995157
181.60000000  -0.95191107   0.30621604   0.49995148
181.80000000  -0.59012832   0.80725996   0.49996004
182.00000000  -0.00293889   0.99996106   0.49996538
182.20000000   0.58537304   0.81071481   0.49996005
182.40000000   0.95009456   0.31180617   0.49995138
182.60000000   0.95191584  -0.30620061   0.49995129
182.80000000   0.59014125  -0.80725028   0.49995985
183.00000000   0.00295504  -0.99996082   0.49996518
183.20000000  -0.58535984  -0.81072411   0.49995986
183.40000000  -0.95008934  -0.31182145   0.49995119
183.60000000  -0.95192060   0.30618518   0.49995110
183.80000000  -0.59015417   0.80724059   0.49995966
184.00000000  -0.00297118   0.99996058   0.49996499
184.20000000   0.58534664   0.81073341   0.49995967
184.40000000   0.95008413   0.31183673   0.49995100
184.60000000   0.95192536  -0.30616975   0.49995091
184.80000000   0.59016709  -0.80723091   0.49995947
185.00000000   0.00298733  -0.99996034   0.49996480
185.20000000  -0.58533343  -0.81074271   0.49995948
185.40000000  -0.95007891  -0.31185202   0.49995081
185.60000000  -0.95193013   0.30615432   0.49995072
185.80000000  -0.59018002   0.80722123   0.49995928
186.00000000  -0.00300348   0.99996010   0.49996461
186.20000000   0.58532023   0.81075200   0.49995929
186.40000000   0.95007369   0.31186730   0.49995062
186.60000000   0.95193489  -0.30613889   0.49995053
186.80000000   0.59019294  -0.80721154   0.49995909
187.00000000   0.00301963  -0.99995986   0.49996442
187.20000000  -0.58530703  -0.81076130   0.49995910
187.40000000  -0.95006848  -0.31188258   0.49995043
187.60000000  -0.95193965   0.30612345   0.49995033
187.80000000  -0.59020586   0.80720186   0.49995890
188.00000000  -0.00303577   0.99995962   0.49996423
188.20000000   0.58529382   0.81077060   0.49995891
188.40000000   0.95006326   0.31189787   0.49995024
188.60000000   0.95194441  -0.30610802   0.49995014
188.80000000   0.59021879  -0.80719217   0.49995871
189.00000000   0.00305192  -0.99995939   0.49996404
189.20000000  -0.58528062  -0.81077990   0.49995872
189.40000000  -0.95005804  -0.31191315   0.49995005
189.60000000  -0.95194918   0.30609259   0.49994995
189.80000000  -0.59023171   0.80718249   0.49995852
190.00000000  -0.00306807   0.99995915   0.49996385
190.20000000   0.58526742   0.81078919   0.49995853
190.40000000   0.95005282   0.31192843   0.49994986
190.60000000   0.95195394  -0.30607716   0.49994976
190.80000000   0.59024463  -0.80717280   0.49995833
191.00000000   0.00308421  -0.99995891   0.49996366
191.20000000  -0.58525421  -0.81079849   0.49995834
191.40000000  -0.95004761  -0.31194372   0.49994967
191.60000000  -0.95195870   0.30606173   0.49994957
191.80000000  -0.59025755   0.80716312   0.49995814
192.00000000  -0.00310036   0.99995867   0.49996347
192.20000000   0.58524101   0.81080779   0.49995815
192.40000000   0.95004239   0.31195900   0.49994948
192.60000000   0.95196346  -0.30604630   0.49994938
192.80000000   0.59027048  -0.80715343   0.49995795
193.00000000   0.00311651  -0.99995843   0.49996328
193.20000000  -0.58522780  -0.81081708   0.49995796
193.40000000  -0.95003717  -0.31197428   0.49994929
193.60000000  -0.95196822   0.30603087   0.49994919
193.80000000  -0.59028340   0.80714375   0.49995776
194.00000000  -0.00313266   0.99995818   0.49996309
194.20000000   0.58521460   0.81082638   0.49995777
194.40000000   0.95003195   0.31198956   0.49994910
194.60000000   0.95197298  -0.30601544   0.49994900
194.80000000   0.59029632  -0.80713406   0.49995757
195.00000000   0.00314880  -0.99995794   0.49996290
195.20000000  -0.58520139  -0.81083568   0.49995758
195.40000000  -0.95002673  -0.31200485   0.49994891
195.60000000  -0.95197774   0.30600000   0.49994881
195.80000000  -0.59030924   0.80712437   0.49995738
196.00000000  -0.00316495   0.99995770   0.49996271
196.20000000   0.58518819   0.81084497   0.49995739
196.40000000   0.95002151   0.31202013   0.49994872
196.60000000   0.95198250  -0.30598457   0.49994862
196.80000000   0.59032216  -0.80711469   0.49995719
197.00000000   0.00318110  -0.99995746   0.49996252
197.20000000  -0.58517498  -0.81085427   0.49995720
197.40000000  -0.95001629  -0.31203541   0.49994853
197.60000000  -0.95198726   0.30596914   0.49994843
197.80000000  -0.59033508   0.80710500   0.49995700
198.00000000  -0.00319724   0.99995722   0.49996233
198.20000000   0.58516178   0.81086356   0.49995701
198.40000000   0.95001107   0.31205069   0.49994834
198.60000000   0.95199202  -0.30595371   0.49994824
198.80000000   0.59034800  -0.80709531   0.49995680
199.00000000   0.00321339  -0.99995698   0.49996214
199.20000000  -0.58514857  -0.81087286   0.49995682
199.40000000  -0.95000585  -0.31206598   0.49994815
199.60000000  -0.95199678   0.30593828   0.49994805
199.80000000  -0.59036092   0.80708563   0.49995661
200.00000000  -0.00322954   0.99995673   0.49996195
