# dT = 0.00250000
# Vi = 1.00000000
# Xi = 0.00000000
# tot_Step =   80001
# print_skip =      80
# method = Velocity-Verlet
#                   t                  vel                  pos                    E
  0.00000000   0.00000000   1.00000000   0.50000000
  0.20000000   0.58850838   0.80886276   0.50030054
  0.40000000   0.95340510   0.30791685   0.50189704
  0.60000000   0.95458891  -0.31202441   0.50429961
  0.80000000   0.59070856  -0.81416850   0.50590347
  1.00000000   0.00002234  -1.00618752   0.50620666
  1.20000000  -0.59213166  -0.81388076   0.50651089
  1.40000000  -0.95929735  -0.30984340   0.50812716
  1.60000000  -0.96050233   0.31393374   0.51055956
  1.80000000  -0.59438172   0.81919298   0.51218338
  2.00000000  -0.00004496   1.01241331   0.51249036
  2.20000000   0.59577725   0.81892989   0.51279834
  2.40000000   0.96522601   0.31178199   0.51443463
  2.60000000   0.96645239  -0.31585475   0.51689722
  2.80000000   0.59807771  -0.82424847   0.51854125
  3.00000000   0.00006786  -1.01867764   0.51885207
  3.20000000  -0.59944528  -0.82401034   0.51916384
  3.40000000  -0.97119131  -0.31373271   0.52082038
  3.60000000  -0.97243930   0.31778751   0.52331354
  3.80000000  -0.60179669   0.82933516   0.52497803
  4.00000000  -0.00009104   1.02498072   0.52529274
  4.20000000   0.60313589   0.82912231   0.52560835
  4.40000000   0.97719347   0.31569563   0.52728541
  4.60000000   0.97846329  -0.31973210   0.52980952
  4.80000000   0.60553879  -0.83445324   0.53149472
  5.00000000   0.00011450  -1.03132280   0.53181337
  5.20000000  -0.60684923  -0.83426599   0.53213286
  5.40000000  -0.98323273  -0.31767084   0.53383068
  5.60000000  -0.98452461   0.32168859   0.53638613
  5.80000000  -0.60930416   0.83960290   0.53809230
  6.00000000  -0.00013825   1.03770412   0.53841493
  6.20000000   0.61058542   0.83944158   0.53873836
  6.40000000   0.98930932   0.31965840   0.54045721
  6.60000000   0.99062347  -0.32365705   0.54304437
  6.80000000   0.61309295  -0.84478434   0.54477177
  7.00000000   0.00016229  -1.04412493   0.54509845
  7.20000000  -0.61434462  -0.84464928   0.54542586
  7.40000000  -0.99542345  -0.32165839   0.54716599
  7.60000000  -0.99676011   0.32563755   0.54978527
  7.80000000  -0.61690529   0.84999776   0.55153416
  8.00000000  -0.00018662   1.05058546   0.55186493
  8.20000000   0.61812696   0.84988929   0.55219637
  8.40000000   1.00157538   0.32367090   0.55395804
  8.60000000   1.00293477  -0.32763016   0.55660984
  8.80000000   0.62074134  -0.85524335   0.55838050
  9.00000000   0.00021125  -1.05708597   0.55871540
  9.20000000  -0.62193259  -0.85516180   0.55905093
  9.40000000  -1.00776532  -0.32569599   0.56083441
  9.60000000  -1.00914767   0.32963497   0.56351912
  9.80000000  -0.62460124   0.86052131   0.56531182
 10.00000000  -0.00023617   1.06362670   0.56565091
 10.20000000   0.62576165   0.86046702   0.56599057
 10.40000000   1.01399352   0.32773376   0.56779614
 10.60000000   1.01539907  -0.33165205   0.57051417
 10.80000000   0.62848514  -0.86583185   0.57232918
 11.00000000   0.00026140  -1.07020791   0.57267251
 11.20000000  -0.62961428  -0.86580516   0.57301635
 11.40000000  -1.02026021  -0.32978427   0.57484428
 11.60000000  -1.02168918   0.33368146   0.57759605
 11.80000000  -0.63239319   0.87117515   0.57943365
 12.00000000  -0.00028693   1.07682983   0.57978128
 12.20000000   0.63349063   0.87117640   0.58012935
 12.40000000   1.02656563   0.33184761   0.58197991
 12.60000000   1.02801827  -0.33572330   0.58476584
 12.80000000   0.63632554  -0.87655143   0.58662630
 13.00000000   0.00031276  -1.08349272   0.58697829
 13.20000000  -0.63739084  -0.87658098   0.58733064
 13.40000000  -1.03291001  -0.33392386   0.58920412
 13.60000000  -1.03438656   0.33777762   0.59202463
 13.80000000  -0.64028234   0.88196089   0.59390825
 14.00000000  -0.00033890   1.09019684   0.59426463
 14.20000000   0.64131506   0.88201907   0.59462133
 14.40000000   1.03929361   0.33601309   0.59651800
 14.60000000   1.04079429  -0.33984452   0.59937353
 14.80000000   0.64426375  -0.88740373   0.60128058
 15.00000000   0.00036536  -1.09694244   0.60164143
 15.20000000  -0.64526345  -0.88749091   0.60200251
 15.40000000  -1.04571665  -0.33811540   0.60392267
 15.60000000  -1.04724173   0.34192405   0.60681365
 15.80000000  -0.64826991   0.89288016   0.60874443
 16.00000000  -0.00039213   1.10372978   0.60910979
 16.20000000   0.64923614   0.89299669   0.60947533
 16.40000000   1.05217940   0.34023086   0.61141926
 16.60000000   1.05372910  -0.34401632   0.61434612
 16.80000000   0.65230098  -0.89839039   0.61630093
 17.00000000   0.00041921  -1.11055912   0.61667087
 17.20000000  -0.65323329  -0.89853662   0.61704090
 17.40000000  -1.05868208  -0.34235955   0.61900890
 17.60000000  -1.06025666   0.34612138   0.62197209
 17.80000000  -0.65635712   0.90393462   0.62395123
 18.00000000  -0.00044662   1.11743071   0.62432580
 18.20000000   0.65725505   0.90411093   0.62470038
 18.40000000   1.06522495   0.34450156   0.62669276
 18.60000000   1.06682465  -0.34823932   0.62969273
 18.80000000   0.66043847  -0.90951306   0.63169650
 19.00000000   0.00047435  -1.12434482   0.63207575
 19.20000000  -0.66130157  -0.90971981   0.63245495
 19.40000000  -1.07180825  -0.34665697   0.63447199
 19.60000000  -1.07343333   0.35037023   0.63750920
 19.80000000  -0.66454521   0.91512593   0.63953790
 20.00000000  -0.00050240   1.13130171   0.63992191
 20.20000000   0.66537300   0.91536349   0.64030577
 20.40000000   1.07843224   0.34882586   0.64234779
 20.60000000   1.08008295  -0.35251416   0.64542271
 20.80000000   0.66867748  -0.92077344   0.64747665
 21.00000000   0.00053079  -1.13830165   0.64786546
 21.20000000  -0.66946949  -0.92104218   0.64825405
 21.40000000  -1.08509717  -0.35100832   0.65032135
 21.60000000  -1.08677376   0.35467122   0.65343444
 21.80000000  -0.67283545   0.92645580   0.65551394
 22.00000000  -0.00055950   1.14534489   0.65590762
 22.20000000   0.67359121   0.92675610   0.65630100
 22.40000000   1.09180329   0.35320443   0.65839389
 22.60000000   1.09350602  -0.35684147   0.66154562
 22.80000000   0.67701926  -0.93217323   0.66365101
 23.00000000   0.00058855  -1.15243172   0.66404961
 23.20000000  -0.67773830  -0.93250547   0.66444783
 23.40000000  -1.09855085  -0.35541428   0.66656664
 23.60000000  -1.10027998   0.35902500   0.66975749
 23.80000000  -0.68122910   0.93792594   0.67188908
 24.00000000  -0.00061794   1.15956239   0.67229266
 24.20000000   0.68191092   0.93829050   0.67269579
 24.40000000   1.10534011   0.35763796   0.67484084
 24.60000000   1.10709590  -0.36122189   0.67807130
 24.80000000   0.68546511  -0.94371415   0.68022941
 25.00000000   0.00064767  -1.16673719   0.68063804
 25.20000000  -0.68610923  -0.94411142   0.68104613
 25.40000000  -1.11217133  -0.35987554   0.68321774
 25.60000000  -1.11395405   0.36343222   0.68648830
 25.80000000  -0.68972746   0.94953808   0.68867327
 26.00000000  -0.00067775   1.17395638   0.68908702
 26.20000000   0.69033339   0.94996846   0.68950013
 26.40000000   1.11904477   0.36212712   0.69169863
 26.60000000   1.12085468  -0.36565608   0.69500979
 26.80000000   0.69401631  -0.95539795   0.69722194
 27.00000000   0.00070817  -1.18122024   0.69764087
 27.20000000  -0.69458355  -0.95586182   0.69805907
 27.40000000  -1.12596069  -0.36439279   0.70028479
 27.60000000  -1.12779805   0.36789354   0.70363705
 27.80000000  -0.69833183   0.96129398   0.70587674
 28.00000000  -0.00073894   1.18852904   0.70630091
 28.20000000   0.69885988   0.96179175   0.70672426
 28.40000000   1.13291935   0.36667264   0.70897754
 28.60000000   1.13478444  -0.37014469   0.71237141
 28.80000000   0.70267419  -0.96722640   0.71463897
 29.00000000   0.00077007  -1.19588306   0.71506845
 29.20000000  -0.70316254  -0.96775847   0.71549701
 29.40000000  -1.13992101  -0.36896674   0.71777819
 29.60000000  -1.14181411   0.37240961   0.72121419
 29.80000000  -0.70704354   0.97319543   0.72350996
 30.00000000  -0.00080155   1.20328259   0.72394482
 30.20000000   0.70749169   0.97376220   0.72437865
 30.40000000   1.14696595   0.37127519   0.72668808
 30.60000000   1.14888732  -0.37468839   0.73016673
 30.80000000   0.71144007  -0.97920130   0.73249107
 31.00000000   0.00083340  -1.21072790   0.73293137
 31.20000000  -0.71184748  -0.97980317   0.73337055
 31.40000000  -1.15405442  -0.37359809   0.73570857
 31.60000000  -1.15600435   0.37698111   0.73923041
 31.80000000  -0.71586393   0.98524422   0.74158367
 32.00000000  -0.00086560   1.21821928   0.74202948
 32.20000000   0.71623010   0.98588162   0.74247406
 32.40000000   1.16118670   0.37593552   0.74484104
 32.60000000   1.16316546  -0.37928786   0.74840659
 32.80000000   0.72031530  -0.99132444   0.75078914
 33.00000000   0.00089818  -1.22575701   0.75124053
 33.20000000  -0.72063969  -0.99199778   0.75169058
 33.40000000  -1.16836306  -0.37828757   0.75408686
 33.60000000  -1.17037094   0.38160872   0.75769668
 33.80000000  -0.72479434   0.99744219   0.76010888
 34.00000000  -0.00093112   1.23334138   0.76056592
 34.20000000   0.72507644   0.99815189   0.76102151
 34.40000000   1.17558377   0.38065433   0.76344746
 34.60000000   1.17762105  -0.38394378   0.76710208
 34.80000000   0.72930124  -1.00359768   0.76954430
 35.00000000   0.00096444  -1.24097268   0.77000706
 35.20000000  -0.72954049  -1.00434416   0.77046827
 35.40000000  -1.18284911  -0.38303590   0.77292426
 35.60000000  -1.18491607   0.38629313   0.77662424
 35.80000000  -0.73383616   1.00979116   0.77909685
 36.00000000  -0.00099813   1.24865119   0.77956540
 36.20000000   0.73403203   1.01057486   0.78003228
 36.40000000   1.19015934   0.38543237   0.78251869
 36.60000000   1.19225629  -0.38865685   0.78626460
 36.80000000   0.73839928  -1.01602287   0.78876798
 37.00000000   0.00103220  -1.25637722   0.78924239
 37.20000000  -0.73855122  -1.01684421   0.78971502
 37.40000000  -1.19751475  -0.38784383   0.79223221
 37.60000000  -1.19964197   0.39103504   0.79602463
 37.80000000  -0.74299077   1.02229302   0.79855916
 38.00000000  -0.00106666   1.26415105   0.79903951
 38.20000000   0.74309824   1.02315245   0.79951796
 38.40000000   1.20491563   0.39027037   0.80206631
 38.60000000   1.20707340  -0.39342777   0.80590580
 38.80000000   0.74761081  -1.02860188   0.80847188
 39.00000000   0.00110150  -1.27197298   0.80895824
 39.20000000  -0.74767324  -1.02949982   0.80944258
 39.40000000  -1.21236223  -0.39271210   0.81202249
 39.60000000  -1.21455087   0.39583514   0.81590964
 39.80000000  -0.75225958   1.03494966   0.81850764
 40.00000000  -0.00113674   1.27984331   0.81900009
 40.20000000   0.75227642   1.03588657   0.81949040
 40.40000000   1.21985486   0.39516910   0.82210225
 40.60000000   1.22207466  -0.39825724   0.82603765
 40.80000000   0.75693726  -1.04133662   0.82866799
 41.00000000   0.00117236  -1.28776233   0.82916660
 41.20000000  -0.75690793  -1.04231294   0.82966294
 41.40000000  -1.22739380  -0.39764146   0.83230713
 41.60000000  -1.22964506   0.40069416   0.83629139
 41.80000000  -0.76164402   1.04776300   0.83895445
 42.00000000  -0.00120839   1.29573035   0.83945931
 42.20000000   0.76156795   1.04877918   0.83996176
 42.40000000   1.23497932   0.40012930   0.84263869
 42.60000000   1.23726235  -0.40314599   0.84667240
 42.80000000   0.76638004  -1.05422903   0.84936861
 43.00000000   0.00124482  -1.30374768   0.84987978
 43.20000000  -0.76625667  -1.05528553   0.85038842
 43.40000000  -1.24261173  -0.40263270   0.85309850
 43.60000000  -1.24492683   0.40561282   0.85718228
 43.80000000  -0.77114552   1.06073497   0.85991204
 44.00000000  -0.00128165   1.31181461   0.86042961
 44.20000000   0.77097425   1.06183224   0.86094450
 44.40000000   1.25029130   0.40515176   0.86368814
 44.60000000   1.25263878  -0.40809474   0.86782262
 44.80000000   0.77594062  -1.06728105   0.87058635
 45.00000000   0.00131888  -1.31993145   0.87111039
 45.20000000  -0.77572087  -1.06841957   0.87163163
 45.40000000  -1.25801834  -0.40768657   0.87440924
 45.60000000  -1.26039851   0.41059184   0.87859503
 45.80000000  -0.78076554   1.07386753   0.88139316
 46.00000000  -0.00135654   1.32809852   0.88192376
 46.20000000   0.78049672   1.07504777   0.88245141
 46.40000000   1.26579313   0.41023725   0.88526342
 46.60000000   1.26820631  -0.41310423   0.88950117
 46.80000000   0.78562047  -1.08049466   0.89233411
 47.00000000   0.00139460  -1.33631612   0.89287136
 47.20000000  -0.78530197  -1.08171708   0.89340551
 47.40000000  -1.27361596  -0.41280388   0.89625233
 47.60000000  -1.27606247   0.41563198   0.90054269
 47.80000000  -0.79050558   1.08716269   0.90341089
 48.00000000  -0.00143309   1.34458456   0.90395485
 48.20000000   0.79013680   1.08842776   0.90449558
 48.40000000   1.28148715   0.41538656   0.90737765
 48.60000000   1.28396730  -0.41817520   0.91172127
 48.80000000   0.79542106  -1.09387186   0.91462516
 49.00000000   0.00147199  -1.35290417   0.91517593
 49.20000000  -0.79500139  -1.09518008   0.91572331
 49.40000000  -1.28940697  -0.41798540   0.91864107
 49.60000000  -1.29192110   0.42073398   0.92303860
 49.80000000  -0.80036711   1.10062244   0.92597863
 50.00000000  -0.00151133   1.36127525   0.92653630
 50.20000000   0.79989594   1.10197429   0.92709042
 50.40000000   1.29737575   0.42060050   0.93004431
 50.60000000   1.29992417  -0.42330841   0.93449643
 50.80000000   0.80534391  -1.10741467   0.93747304
 51.00000000   0.00155109  -1.36969813   0.93803768
 51.20000000  -0.80482062  -1.10881064   0.93859863
 51.40000000  -1.30539377  -0.42323196   0.94158909
 51.60000000  -1.30797681   0.42589860   0.94609648
 51.80000000  -0.81035166   1.11424882   0.94911013
 52.00000000  -0.00159129   1.37817312   0.94968184
 52.20000000   0.80977561   1.11568940   0.95024969
 52.40000000   1.31346134   0.42587988   0.95327718
 52.60000000   1.31607934  -0.42850463   0.95784052
 52.80000000   0.81539055  -1.12112515   0.96089168
 53.00000000   0.00163193  -1.38670055   0.96147054
 53.20000000  -0.81476111  -1.12261084   0.96204538
 53.40000000  -1.32157877  -0.42854436   0.96511036
 53.60000000  -1.32423206   0.43112660   0.96973034
 53.80000000  -0.82046077   1.12804391   0.97281947
 54.00000000  -0.00167301   1.39528075   0.97340558
 54.20000000   0.81977731   1.12957522   0.97398750
 54.40000000   1.32974637   0.43122551   0.97709043
 54.60000000   1.33243528  -0.43376462   0.98176776
 54.80000000   0.82556251  -1.13500537   0.98489533
 55.00000000   0.00171453  -1.40391403   0.98548877
 55.20000000  -0.82482438  -1.13658279   0.98607785
 55.40000000  -1.33796445  -0.43392344   0.98921920
 55.60000000  -1.34068932   0.43641878   0.99395460
 55.80000000  -0.83069598   1.14200979   0.99712108
 56.00000000  -0.00175651   1.41260073   0.99772196
 56.20000000   0.82990253   1.14363385   0.99831829
 56.40000000   1.34623331   0.43663824   1.00149854
 56.60000000   1.34899449  -0.43908917   1.00629271
 56.80000000   0.83586136  -1.14905743   1.00949860
 57.00000000   0.00179894  -1.42134118   1.01010699
 57.20000000  -0.83501194  -1.15072864   1.01071067
 57.40000000  -1.35455327  -0.43937002   1.01393029
 57.60000000  -1.35735110   0.44177590   1.01878398
 57.80000000  -0.84105887   1.15614857   1.02202976
 58.00000000  -0.00184182   1.43013571   1.02264577
 58.20000000   0.84015281   1.15786745   1.02325688
 58.40000000   1.36292466   0.44211889   1.02651637
 58.60000000   1.36575948  -0.44447907   1.03143030
 58.80000000   0.84628869  -1.16328346   1.03471648
 59.00000000   0.00188517  -1.43898465   1.03534020
 59.20000000  -0.84532532  -1.16505054   1.03595883
 59.40000000  -1.37134778  -0.44488496   1.03925868
 59.60000000  -1.37421995   0.44719878   1.04423361
 59.80000000  -0.85155103   1.17046239   1.04756068
 60.00000000  -0.00192899   1.44788835   1.04819220
 60.20000000   0.85052968   1.17227819   1.04881845
 60.40000000   1.37982295   0.44766833   1.05215916
 60.60000000   1.38273283  -0.44993512   1.05719584
 60.80000000   0.85684609  -1.17768562   1.06056432
 61.00000000   0.00197327  -1.45684714   1.06120374
 61.20000000  -0.85576608  -1.17955068   1.06183770
 61.40000000  -1.38835050  -0.45046911   1.06521977
 61.60000000  -1.39129844   0.45268821   1.07031898
 61.80000000  -0.86217407   1.18495342   1.07372937
 62.00000000  -0.00201803   1.46586136   1.07437680
 62.20000000   0.86103472   1.18686829   1.07501856
 62.40000000   1.39693076   0.45328742   1.07844251
 62.60000000   1.39991711  -0.45545814   1.08360502
 62.80000000   0.86753519  -1.19226608   1.08705785
 63.00000000   0.00206327  -1.47493135   1.08771338
 63.20000000  -0.86633579  -1.19423129   1.08836304
 63.40000000  -1.40556404  -0.45612335   1.09182939
 63.60000000  -1.40858917   0.45824502   1.09705598
 63.80000000  -0.87292964   1.19962386   1.10055177
 64.00000000  -0.00210898   1.48405747   1.10121551
 64.20000000   0.87166950   1.20163997   1.10187317
 64.40000000   1.41425067   0.45897702   1.10538244
 64.60000000   1.41731495  -0.46104895   1.11067390
 64.80000000   0.87835763  -1.20702705   1.11421320
 65.00000000   0.00215519  -1.49324005   1.11488524
 65.20000000  -0.87703604  -1.20909461   1.11555100
 65.40000000  -1.42299099  -0.46184855   1.11910372
 65.60000000  -1.42609479   0.46387003   1.12446087
 65.80000000  -0.88381937   1.21447592   1.12804422
 66.00000000  -0.00220189   1.50247945   1.12872467
 66.20000000   0.88243563   1.21659550   1.12939862
 66.40000000   1.43178533   0.46473804   1.13299533
 66.60000000   1.43492901  -0.46670837   1.13841898
 66.80000000   0.88931507  -1.22197076   1.14204692
 67.00000000   0.00224908  -1.51177601   1.14273588
 67.20000000  -0.88786845  -1.22414292   1.14341814
 67.40000000  -1.44063401  -0.46764560   1.14705938
 67.60000000  -1.44381795   0.46956407   1.15255035
 67.80000000  -0.89484494   1.22951185   1.15622344
 68.00000000  -0.00229677   1.52113010   1.15692102
 68.20000000   0.89333472   1.23173716   1.15761168
 68.40000000   1.44953738   0.47057135   1.16129801
 68.60000000   1.45276196  -0.47243725   1.16685714
 68.80000000   0.90040920  -1.23709948   1.17057593
 69.00000000   0.00234497  -1.53054206   1.17128225
 69.20000000  -0.89883465  -1.23937851   1.17198141
 69.40000000  -1.45849577  -0.47351540   1.17571338
 69.60000000  -1.46176138   0.47532801   1.18134152
 69.80000000  -0.90600806   1.24473394   1.18510659
 70.00000000  -0.00239367   1.54001226   1.18582175
 70.20000000   0.90436843   1.24706726   1.18652951
 70.40000000   1.46750953   0.47647787   1.19030769
 70.60000000   1.47081654  -0.47823645   1.19600570
 70.80000000   0.91164173  -1.25241551   1.19981762
 71.00000000   0.00244289  -1.54954106   1.20054173
 71.20000000  -0.90993628  -1.25480372   1.20125820
 71.40000000  -1.47657899  -0.47945887   1.20508317
 71.60000000  -1.47992780   0.48116268   1.21085190
 71.80000000  -0.91731043   1.26014448   1.21471126
 72.00000000  -0.00249263   1.55912881   1.21544443
 72.20000000   0.91553841   1.26258816   1.21616973
 72.40000000   1.48570451   0.48245852   1.22004205
 72.60000000   1.48909549  -0.48410682   1.22588240
 72.80000000   0.92301437  -1.26792115   1.22978978
 73.00000000   0.00254288  -1.56877589   1.23053213
 73.20000000  -0.92117503  -1.27042090   1.23126635
 73.40000000  -1.49488642  -0.48547693   1.23518663
 73.60000000  -1.49831998   0.48706897   1.24109947
 73.80000000  -0.92875378   1.27574581   1.24505548
 74.00000000  -0.00259367   1.57848266   1.24580711
 74.20000000   0.92684635   1.27830223   1.24655038
 74.40000000   1.50412507   0.48851423   1.25051919
 74.60000000   1.50760161  -0.49004924   1.25650543
 74.80000000   0.93452888  -1.28361875   1.26051067
 75.00000000   0.00264498  -1.58824948   1.26127171
 75.20000000  -0.93255259  -1.28623245   1.26202412
 75.40000000  -1.51342082  -0.49157052   1.26604208
 75.60000000  -1.51694073   0.49304774   1.27210263
 75.80000000  -0.94033989   1.29154028   1.27615771
 76.00000000  -0.00269683   1.59807674   1.27692827
 76.20000000   0.93829395   1.29421187   1.27768995
 76.40000000   1.52277402   0.49464594   1.28175766
 76.60000000   1.52633771  -0.49606459   1.28789344
 76.80000000   0.94618703  -1.29951070   1.29199898
 77.00000000   0.00274922  -1.60796480   1.29277919
 77.20000000  -0.94407066  -1.30224079   1.29355024
 77.40000000  -1.53218502  -0.49774059   1.29766832
 77.60000000  -1.53579289   0.49909990   1.30388026
 77.80000000  -0.95207053   1.30753030   1.30803689
 78.00000000  -0.00280216   1.61791405   1.30882686
 78.20000000   0.94988293   1.31031952   1.30960741
 78.40000000   1.54165419   0.50085460   1.31377648
 78.60000000   1.54530665  -0.50215377   1.32006553
 78.80000000   0.95799061  -1.31559939   1.32427389
 79.00000000   0.00285564  -1.62792485   1.32507374
 79.20000000  -0.95573099  -1.31844836   1.32586390
 79.40000000  -1.55118187  -0.50398809   1.33008459
 79.60000000  -1.55487934   0.50522633   1.33645171
 79.80000000  -0.96394750   1.32371828   1.34071243
 80.00000000  -0.00290968   1.63799760   1.34152230
 80.20000000   0.96161505   1.32662763   1.34232219
 80.40000000   1.56076843   0.50714118   1.34659514
 80.60000000   1.56451133  -0.50831769   1.35304129
 80.80000000   0.96994143  -1.33188727   1.35735504
 81.00000000   0.00296428  -1.64813267   1.35817504
 81.20000000  -0.96753533  -1.33485765   1.35898478
 81.40000000  -1.57041424  -0.51031399   1.36331063
 81.60000000  -1.57420299   0.51142796   1.36983680
 81.80000000  -0.97597263   1.34010667   1.37420423
 82.00000000  -0.00301945   1.65833045   1.37503450
 82.20000000   0.97349206   1.34313871   1.37585420
 82.40000000   1.58011967   0.51350665   1.38023362
 82.60000000   1.58395468  -0.51455725   1.38684080
 82.80000000   0.98204133  -1.34837680   1.39126258
 83.00000000   0.00307518  -1.66859133   1.39210324
 83.20000000  -0.97948547  -1.35147115   1.39293303
 83.40000000  -1.58988507  -0.51671929   1.39736668
 83.60000000  -1.59376678   0.51770569   1.40405587
 83.80000000  -0.98814776   1.35669796   1.40853268
 84.00000000  -0.00313149   1.67891569   1.40938385
 84.20000000   0.98551577   1.35985529   1.41022386
 84.40000000   1.59971082   0.51995201   1.41471241
 84.60000000   1.60363967  -0.52087340   1.42148464
 84.80000000   0.99429217  -1.36507047   1.42601715
 85.00000000   0.00318837  -1.68930394   1.42687898
 85.20000000  -0.99158319  -1.36829143   1.42772933
 85.40000000  -1.60959730  -0.52320497   1.43227345
 85.60000000  -1.61357371   0.52406048   1.43912975
 85.80000000  -1.00047478   1.37349465   1.44371867
 86.00000000  -0.00324584   1.69975646   1.44459128
 86.20000000   0.99768797   1.37677991   1.44545210
 86.40000000   1.61954488   0.52647827   1.45005249
 86.60000000   1.62356929  -0.52726706   1.45699389
 86.80000000   1.00669583  -1.38197082   1.46163991
 87.00000000   0.00330390  -1.71027366   1.46252345
 87.20000000  -1.00383033  -1.38532104   1.46339487
 87.40000000  -1.62955393  -0.52977204   1.46805222
 87.60000000  -1.63362678   0.53049326   1.47507978
 87.80000000  -1.01295556   1.39049929   1.47978362
 88.00000000  -0.00336256   1.72085593   1.48067821
 88.20000000   1.01001051   1.39391517   1.48156036
 88.40000000   1.63962484   0.53308642   1.48627538
 88.60000000   1.64374658  -0.53373920   1.49339018
 88.80000000   1.01925422  -1.39908039   1.49815255
 89.00000000   0.00342181  -1.73150367   1.49905834
 89.20000000  -1.01622873  -1.40256260   1.49995135
 89.40000000  -1.64975799  -0.53642154   1.50472475
 89.60000000  -1.65392907   0.53700499   1.51192787
 89.80000000  -1.02559204   1.40771445   1.51674950
 90.00000000  -0.00348167   1.74221730   1.51766662
 90.20000000   1.02248524   1.41126369   1.51857063
 90.40000000   1.65995376   0.53977751   1.52340313
 90.60000000   1.66417463  -0.54029077   1.53069566
 90.80000000   1.03196926  -1.41640179   1.53557730
 91.00000000   0.00354214  -1.75299722   1.53650590
 91.20000000  -1.02878026  -1.42001875   1.53742103
 91.40000000  -1.67021255  -0.54315448   1.54231337
 91.60000000  -1.67448366   0.54359664   1.54969643
 91.80000000  -1.03838614   1.42514275   1.55463881
 92.00000000  -0.00360322   1.76384384   1.55557903
 92.20000000   1.03511404   1.42882812   1.55650543
 92.40000000   1.68053473   0.54655257   1.56145835
 92.60000000   1.68485656  -0.54692275   1.56893305
 92.80000000   1.04484292  -1.43393764   1.57393694
 93.00000000   0.00366492  -1.77475757   1.57488893
 93.20000000  -1.04148681  -1.43769214   1.57582673
 93.40000000  -1.69092071  -0.54997192   1.58084098
 93.60000000  -1.69529370   0.55026920   1.58840846
 93.80000000  -1.05133985   1.44278680   1.59347462
 94.00000000  -0.00372725   1.78573882   1.59443852
 94.20000000   1.04789881   1.44661115   1.59538787
 94.40000000   1.70137087   0.55341266   1.60046420
 94.60000000   1.70579550  -0.55363612   1.60812562
 94.80000000   1.05787717  -1.45169058   1.61325483
 95.00000000   0.00379021  -1.79678803   1.61423079
 95.20000000  -1.05435029  -1.45558549   1.61519183
 95.40000000  -1.71188561  -0.55687492   1.62033101
 95.60000000  -1.71636236   0.55702364   1.62808754
 95.80000000  -1.06445514   1.46064930   1.63328057
 96.00000000  -0.00385380   1.80790560   1.63426875
 96.20000000   1.06084148   1.46461550   1.63524161
 96.40000000   1.72246534   0.56035884   1.64044444
 96.60000000   1.72699467  -0.56043188   1.64829724
 96.80000000   1.07107402  -1.46966331   1.65355490
 97.00000000   0.00391804  -1.81909195   1.65455544
 97.20000000  -1.06737264  -1.47370154   1.65554029
 97.40000000  -1.73311045  -0.56386455   1.66080753
 97.60000000  -1.73769285   0.56386098   1.66875782
 97.80000000  -1.07773405   1.47873294   1.67408090
 98.00000000  -0.00398292   1.83034752   1.67509396
 98.20000000   1.07394401   1.48284393   1.67609093
 98.40000000   1.74382135   0.56739219   1.68142339
 98.60000000   1.74845729  -0.56731105   1.68947237
 98.80000000   1.08443548  -1.48785855   1.69486169
 99.00000000   0.00404846  -1.84167274   1.69588743
 99.20000000  -1.08055583  -1.49204305   1.69689667
 99.40000000  -1.75459844  -0.57094190   1.70229516
 99.60000000  -1.75928842   0.57078224   1.71044405
 99.80000000  -1.09117859   1.49704047   1.71590044
100.00000000  -0.00411466   1.85306802   1.71693902
100.20000000   1.08720835   1.50129923   1.71796069
100.40000000   1.76544213   0.57451381   1.72342602
100.60000000   1.77018664  -0.57427465   1.73167606
100.80000000   1.09796363  -1.50627905   1.73720035
101.00000000   0.00418152  -1.86453382   1.73825192
101.20000000  -1.09390183  -1.51061283   1.73928617
101.40000000  -1.77635284  -0.57810807   1.74481918
101.60000000  -1.78115237   0.57778844   1.75317163
101.80000000  -1.10479085   1.51557464   1.75876466
102.00000000  -0.00424905   1.87607056   1.75982939
102.20000000   1.10063652   1.51998421   1.76087637
102.40000000   1.78733098   0.58172481   1.76647789
102.60000000   1.79218603  -0.58132372   1.77493402
102.80000000   1.11166052  -1.52492760   1.78059665
103.00000000   0.00431726  -1.88767868   1.78167471
103.20000000  -1.10741267  -1.52941372   1.78273458
103.40000000  -1.79837696  -0.58536417   1.78840546
103.60000000  -1.80328804   0.58488063   1.79696655
103.80000000  -1.11857291   1.53433827   1.80269965
104.00000000  -0.00438614   1.89935862   1.80379120
104.20000000   1.11423053   1.53890174   1.80486412
104.40000000   1.80949121   0.58902630   1.81060521
104.60000000   1.81445882  -0.58845929   1.81927258
104.80000000   1.12552828  -1.54380702   1.82507702
105.00000000   0.00445572  -1.91111083   1.82618223
105.20000000  -1.12109037  -1.54844861   1.82726836
105.40000000  -1.82067415  -0.59271134   1.83308054
105.60000000  -1.82569880   0.59205986   1.84185549
105.80000000  -1.13252690   1.55333421   1.84773217
106.00000000  -0.00452598   1.92293576   1.84885121
106.20000000   1.12799244   1.55805471   1.84995071
106.40000000   1.83192619   0.59641943   1.85583485
106.60000000   1.83700841  -0.59568245   1.86471873
106.80000000   1.13956903  -1.56292018   1.87066854
107.00000000   0.00459695  -1.93483385   1.87180159
107.20000000  -1.13493700  -1.56772039   1.87291462
107.40000000  -1.84324778  -0.60015071   1.87887162
107.60000000  -1.84838807   0.59932720   1.88786578
107.80000000  -1.14665495   1.57256532   1.89388962
108.00000000  -0.00466862   1.94680556   1.89503685
108.20000000   1.14192432   1.57744604   1.89616359
108.40000000   1.85463933   0.60390533   1.90219435
108.60000000   1.85983823  -0.60299425   1.91130015
108.80000000   1.15378493  -1.58226997   1.91739896
109.00000000   0.00474100  -1.95885135   1.91856054
109.20000000  -1.14895465  -1.58723203   1.91970115
109.40000000  -1.86610128  -0.60768344   1.92580658
109.60000000  -1.87135932   0.60668373   1.93502542
109.80000000  -1.16095924   1.59203451   1.94120012
110.00000000  -0.00481410   1.97097166   1.94237624
110.20000000   1.15602826   1.59707872   1.94353089
110.40000000   1.87763407   0.61148519   1.94971192
110.60000000   1.88295177  -0.61039578   1.95904519
110.80000000   1.16817816  -1.60185931   1.96529673
111.00000000   0.00488793  -1.98316697   1.96648757
111.20000000  -1.16314542  -1.60698650   1.96765643
111.40000000  -1.88923813  -0.61531071   1.97391400
111.60000000  -1.89461603   0.61413055   1.98336313
111.80000000  -1.17544197   1.61174474   1.98969246
112.00000000  -0.00496248   1.99543774   1.99089820
112.20000000   1.17030639   1.61695574   1.99208145
112.40000000   1.90091391   0.61916016   1.99841650
112.60000000   1.90635255  -0.61788816   2.00798292
112.80000000   1.18275094  -1.62169117   2.01439102
113.00000000   0.00503777  -2.00778443   2.01561185
113.20000000  -1.17751145  -1.62698682   2.01680967
113.40000000  -1.91266184  -0.62303370   2.02322316
113.60000000  -1.91816178   0.62166876   2.03290833
113.80000000  -1.19010535   1.63169898   2.03939617
114.00000000  -0.00511379   2.02020751   2.04063228
114.20000000   1.18476087   1.63708014   2.04184484
114.40000000   1.92448238   0.62693146   2.04833775
114.60000000   1.93004415  -0.62547249   2.05814314
114.80000000   1.19750550  -1.64176856   2.06471171
115.00000000   0.00519057  -2.03270746   2.06596329
115.20000000  -1.19205492  -1.64723606   2.06719078
115.40000000  -1.93637597  -0.63085360   2.07376408
115.60000000  -1.94200014   0.62929949   2.08369119
115.80000000  -1.20495166   1.65190027   2.09034150
116.00000000  -0.00526810   2.04528476   2.09160874
116.20000000   1.19939387   1.65745499   2.09285135
116.40000000   1.94834306   0.63480028   2.09950604
116.60000000   1.95403018  -0.63314990   2.10955637
116.80000000   1.21244412  -1.66209451   2.11628944
117.00000000   0.00534639  -2.05793987   2.11757254
117.20000000  -1.20677800  -1.66773732   2.11883045
117.40000000  -1.96038411  -0.63877165   2.12556754
117.60000000  -1.96613475   0.63702387   2.13574262
117.80000000  -1.21998316   1.67235165   2.14255948
118.00000000  -0.00542545   2.07067328   2.14385864
118.20000000   1.21420759   1.67808343   2.14513203
118.40000000   1.97249957   0.64276786   2.15195254
118.60000000   1.97831429  -0.64092154   2.16225393
118.80000000   1.22756908  -1.68267210   2.16915562
119.00000000   0.00550529  -2.08348548   2.17047104
119.20000000  -1.22168292  -1.68849372   2.17176010
119.40000000  -1.98468991  -0.64678906   2.17866506
119.60000000  -1.99056929   0.64484305   2.18909433
119.80000000  -1.23520217   1.69305623   2.19608190
120.00000000  -0.00558590   2.09637696   2.19741378
120.20000000   1.22920427   1.69896860   2.19871872
120.40000000   1.99695558   0.65083542   2.20570917
120.60000000   2.00290020  -0.64878855   2.21626790
120.80000000   1.24288272  -1.70350444   2.22334242
121.00000000   0.00566730  -2.10934820   2.22469097
121.20000000  -1.23677192  -1.70950846   2.22601197
121.40000000  -2.00929706  -0.65490709   2.23308898
121.60000000  -2.01530749   0.65275819   2.24377878
121.80000000  -1.25061103   1.71401713   2.25094134
122.00000000  -0.00574949   2.12239970   2.25230676
122.20000000   1.24438616   1.72011370   2.25364403
122.40000000   2.02171481   0.65900423   2.26080867
122.60000000   2.02779165  -0.65675212   2.27163115
122.80000000   1.25838739  -1.72459470   2.27888285
123.00000000   0.00583248  -2.13553195   2.28026536
123.20000000  -1.25204728  -1.73078473   2.28161909
123.40000000  -2.03420930  -0.66312700   2.28887244
123.60000000  -2.04035313   0.66077048   2.29982926
123.80000000  -1.26621210   1.73523754   2.30717120
124.00000000  -0.00591628   2.14874545   2.30857101
124.20000000   1.25975556   1.74152196   2.30994141
124.40000000   2.04678100   0.66727556   2.31728457
124.60000000   2.05299243  -0.66481342   2.32837740
124.80000000   1.27408546  -1.74594606   2.33581070
125.00000000   0.00600090  -2.16204072   2.33722803
125.20000000  -1.26751130  -1.75232580   2.33861530
125.40000000  -2.05943040  -0.67145006   2.34604939
125.60000000  -2.06571003   0.66888109   2.35727992
125.80000000  -1.28200778   1.75672066   2.36480572
126.00000000  -0.00608633   2.17541824   2.36624078
126.20000000   1.27531478   1.76319666   2.36764513
126.40000000   2.07215798   0.67565068   2.37517126
126.60000000   2.07850640  -0.67297365   2.38654120
126.80000000   1.28997936  -1.76756175   2.39416065
127.00000000   0.00617259  -2.18887854   2.39561368
127.20000000  -1.28316631  -1.77413496   2.39703531
127.40000000  -2.08496421  -0.67987758   2.40465464
127.60000000  -2.09138204   0.67709125   2.41616571
127.80000000  -1.29800050   1.77846975   2.42387998
128.00000000  -0.00625969   2.20242212   2.42535119
128.20000000   1.29106617   1.78514111   2.42679032
128.40000000   2.09784958   0.68413091   2.43450399
128.60000000   2.10433745  -0.68123404   2.44615795
128.80000000   1.30607152  -1.78944506   2.45396822
129.00000000   0.00634763  -2.21604950   2.45545784
129.20000000  -1.29901466  -1.79621555   2.45691469
129.40000000  -2.11081459  -0.68841085   2.46472387
129.60000000  -2.11737310   0.68540217   2.47652249
129.80000000  -1.31419273   1.80048809   2.48442995
130.00000000  -0.00643642   2.22976120   2.48593821
130.20000000   1.30701209   1.80735868   2.48741300
130.40000000   2.12385972   0.69271757   2.49531887
130.60000000   2.13048951  -0.68959580   2.50726395
130.80000000   1.32236442  -1.81159928   2.51526981
131.00000000   0.00652606  -2.24355773   2.51679695
131.20000000  -1.31505875  -1.81857094   2.51828989
131.40000000  -2.13698547  -0.69705122   2.52629365
131.60000000  -2.14368716   0.69381508   2.53838701
131.80000000  -1.33058693   1.82277903   2.54649250
132.00000000  -0.00661656   2.25743964   2.54803874
132.20000000   1.32315495   1.82985276   2.54955007
132.40000000   2.15019234   0.70141198   2.55765293
132.60000000   2.15696657  -0.69806018   2.56989640
132.80000000   1.33886057  -1.83402778   2.57810276
133.00000000   0.00670794  -2.27140743   2.57966835
133.20000000  -1.33130100  -1.84120456   2.58119828
133.40000000  -2.16348083  -0.70580001   2.58940148
133.60000000  -2.17032824   0.70233124   2.60179693
133.80000000  -1.34718565   1.84534594   2.61010540
134.00000000  -0.00680019   2.28546165   2.61169059
134.20000000   1.33949719   1.85262678   2.61323936
134.40000000   2.17685144   0.71021550   2.62154412
134.60000000   2.18377268  -0.70662844   2.63409344
134.80000000   1.35556249  -1.85673395   2.64250530
135.00000000   0.00689333  -2.29960282   2.64411033
135.20000000  -1.34774384  -1.86411987   2.64567817
135.40000000  -2.19030468  -0.71465860   2.65408576
135.60000000  -2.19730041   0.71095192   2.66679085
135.80000000  -1.36399141   1.86819223   2.67530739
136.00000000  -0.00698736   2.31383150   2.67693251
136.20000000   1.35604126   1.87568425   2.67851964
136.40000000   2.20384107   0.71912950   2.68703134
136.60000000   2.21091193  -0.71530186   2.69989415
136.80000000   1.37247275  -1.87972122   2.70851667
137.00000000   0.00708229  -2.32814821   2.71016212
137.20000000  -1.36438976  -1.88732037   2.71176879
137.40000000  -2.21746111  -0.72362836   2.72038588
137.60000000  -2.22460776   0.71967840   2.73340835
137.80000000  -1.38100682   1.89132136   2.74213817
138.00000000  -0.00717812   2.34255350   2.74380422
138.20000000   1.37278965   1.89902868   2.74543067
138.40000000   2.23116532   0.72815537   2.75415446
138.60000000   2.23838844  -0.72408172   2.76733858
138.80000000   1.38959396  -1.90299309   2.77617703
139.00000000   0.00727488  -2.35704793   2.77786392
139.20000000  -1.38124126  -1.91080962   2.77951040
139.40000000  -2.24495422  -0.73271069   2.78834221
139.60000000  -2.25225449   0.72851198   2.80168998
139.80000000  -1.39823449   1.91473684   2.81063842
140.00000000  -0.00737255   2.37163203   2.81234643
140.20000000   1.38974490   1.92266364   2.81401317
140.40000000   2.25882834   0.73729450   2.82295434
140.60000000   2.26620642  -0.73296934   2.83646780
140.80000000   1.40692874  -1.92655306   2.84552759
141.00000000   0.00747115  -2.38630638   2.84725697
141.20000000  -1.39830089  -1.93459120   2.84894424
141.40000000  -2.27278821  -0.74190699   2.85799611
141.60000000  -2.28024479   0.73745396   2.87167732
141.80000000  -1.41567705   1.93844221   2.88084985
142.00000000  -0.00757070   2.40107152   2.88260087
142.20000000   1.40690955   1.94659275   2.88430891
142.40000000   2.28683434   0.74654833   2.89347286
142.60000000   2.29437011  -0.74196603   2.90732390
142.80000000   1.42447976  -1.95040472   2.91661058
143.00000000   0.00767118  -2.41592801   2.91838351
143.20000000  -1.41557121  -1.95866876   2.92011257
143.40000000  -2.30096729  -0.75121870   2.92938999
143.60000000  -2.30858294   0.74650569   2.94341296
143.80000000  -1.43333720   1.96244105   2.95281520
144.00000000  -0.00777263   2.43087643   2.95461032
144.20000000   1.42428619   1.97081968   2.95636068
144.40000000   2.31518757   0.75591829   2.96575297
144.60000000   2.32288380  -0.75107313   2.97995001
144.80000000   1.44224972  -1.97455166   2.98946925
145.00000000   0.00787503  -2.44591734   2.99128684
145.20000000  -1.43305483  -1.98304597   2.99305874
145.40000000  -2.32949574  -0.76064727   3.00256733
145.60000000  -2.33727326   0.75566851   3.01694059
145.80000000  -1.45121765   1.98673701   3.02657829
146.00000000  -0.00797840   2.46105132   3.02841862
146.20000000   1.44187745   1.99534812   3.03021234
146.40000000   2.34389233   0.76540583   3.03983866
146.60000000   2.35175185  -0.76029200   3.05439034
146.80000000   1.46024134  -1.99899755   3.06414798
147.00000000   0.00808275  -2.47627893   3.06601134
147.20000000  -1.45075438  -2.00772658   3.06782714
147.40000000  -2.35837789  -0.77019416   3.07757266
147.60000000  -2.36632013   0.76494377   3.09230497
147.80000000  -1.46932114   2.01133375   3.10218403
148.00000000  -0.00818809   2.49160077   3.10407071
148.20000000   1.45968596   2.02018183   3.10590886
148.40000000   2.37295297   0.77501244   3.11577505
148.60000000   2.38097866  -0.76962401   3.13069023
148.80000000   1.47845739  -2.02374608   3.14069223
149.00000000   0.00829442  -2.50701740   3.14260252
149.20000000  -1.46867252  -2.03271435   3.14446330
149.40000000  -2.38761813  -0.77986085   3.15445165
149.60000000  -2.39572798   0.77433287   3.16955198
149.80000000  -1.48765045   2.03623501   3.17967844
150.00000000  -0.00840175   2.52252942   3.18161264
150.20000000   1.47771441   2.04532461   3.18349633
150.40000000   2.40237392   0.78473960   3.19360835
150.60000000   2.41056868  -0.77907054   3.20889612
150.80000000   1.49690068  -2.04880101   3.21914860
151.00000000   0.00851010  -2.53813742   3.22110700
151.20000000  -1.48681197  -2.05801310   3.22301388
151.40000000  -2.41722090  -0.78964886   3.23325111
151.60000000  -2.42550130   0.78383719   3.24872865
151.80000000  -1.50620842   2.06144455   3.25910871
152.00000000  -0.00861946   2.55384200   3.26109162
152.20000000   1.49596553   2.07078031   3.26302197
152.40000000   2.43215964   0.79458883   3.27338596
152.60000000   2.44052643  -0.78863301   3.28905563
152.80000000   1.51557403  -2.07416612   3.29956486
153.00000000   0.00872985  -2.56964374   3.30157258
153.20000000  -1.50517544  -2.08362672   3.30352670
153.40000000  -2.44719070  -0.79955970   3.31401901
153.60000000  -2.45564462   0.79345816   3.32988319
153.80000000  -1.52499787   2.08696619   3.34052319
154.00000000  -0.00884128   2.58554325   3.34255604
154.20000000   1.51444205   2.09655282   3.34453422
154.40000000   2.46231465   0.80456166   3.35515645
154.60000000   2.47085647  -0.79831283   3.37121755
154.80000000   1.53448031  -2.09984525   3.38198996
155.00000000   0.00895375  -2.60154114   3.38404825
155.20000000  -1.52376571  -2.10955910   3.38605078
155.40000000  -2.47753207  -0.80959491   3.39680453
155.60000000  -2.48616256   0.80319720   3.41306500
155.80000000  -1.54402171   2.11280379   3.42397146
156.00000000  -0.00906727   2.61763802   3.42605551
156.20000000   1.53314677   2.12264608   3.42808269
156.40000000   2.49284353   0.81465965   3.43896960
156.60000000   2.50156345  -0.80811145   3.45543191
156.80000000   1.55362244  -2.12584230   3.46647409
157.00000000   0.00918186  -2.63383449   3.46858422
157.20000000  -1.54258558  -2.13581424   3.47063636
157.40000000  -2.50824962  -0.81975606   3.48165807
157.60000000  -2.51705975   0.81305576   3.49832472
157.80000000  -1.56328286   2.13896127   3.50950431
158.00000000  -0.00929751   2.65013118   3.51164085
158.20000000   1.55208250   2.14906408   3.51371825
158.40000000   2.52375091   0.82488435   3.52487643
158.60000000   2.53265204  -0.81803032   3.54174997
158.80000000   1.57300335  -2.15216120   3.55306868
159.00000000   0.00941425  -2.66652870   3.55523196
159.20000000  -1.56163788  -2.16239613   3.55733493
159.40000000  -2.53934801  -0.83004472   3.56863128
159.60000000  -2.54834091   0.82303531   3.58571427
159.80000000  -1.58278428   2.16544259   3.59717383
160.00000000  -0.00953208   2.68302767   3.59936417
160.20000000   1.57125209   2.17581087   3.60149304
160.40000000   2.55504149   0.83523737   3.61292925
160.60000000   2.56412698  -0.82807092   3.63022430
160.80000000   1.59262602  -2.17880593   3.64182646
161.00000000   0.00965100  -2.69962873   3.64404422
161.20000000  -1.58092548  -2.18930884   3.64619930
161.40000000  -2.57083197  -0.84046250   3.65777711
161.60000000  -2.58001083   0.83313733   3.67528684
161.80000000  -1.60252896   2.19225174   3.68703338
162.00000000  -0.00977103   2.71633251   3.68927889
162.20000000   1.59065843   2.20289054   3.69146050
162.40000000   2.58672003   0.84572031   3.70318167
162.60000000   2.59599307  -0.83823474   3.72090875
162.80000000   1.61249347  -2.20578053   3.73280147
163.00000000   0.00989218  -2.73313964   3.73507507
163.20000000  -1.60045130  -2.21655650   3.73728354
163.40000000  -2.60270627  -0.85101101   3.74914984
163.60000000  -2.61207432   0.84336333   3.76709697
163.80000000  -1.62251994   2.21939280   3.77913768
164.00000000  -0.01001445   2.75005076   3.78143974
164.20000000   1.61030445   2.23030724   3.78367540
164.40000000   2.61879132   0.85633481   3.79568863
164.60000000   2.62825518  -0.84852329   3.81385853
164.80000000   1.63260875  -2.23308908   3.82604908
165.00000000   0.01013785  -2.76706652   3.82837995
165.20000000  -1.62021826  -2.24414327   3.83064312
165.40000000  -2.63497576  -0.86169190   3.84280510
165.60000000  -2.64453627   0.85371482   3.86120055
165.80000000  -1.64276029   2.24686988   3.87354280
166.00000000  -0.01026240   2.78418756   3.87590284
166.20000000   1.63019311   2.25806514   3.87819388
166.40000000   2.65126023   0.86708250   3.89050644
166.60000000   2.66091822  -0.85893811   3.90913024
166.80000000   1.65297494  -2.26073572   3.92162607
167.00000000   0.01038810  -2.80141453   3.92401564
167.20000000  -1.64022936  -2.27207338   3.92633489
167.40000000  -2.66764534  -0.87250682   3.93879991
167.60000000  -2.67740165   0.86419335   3.95765488
167.80000000  -1.66325312   2.27468712   3.97030621
168.00000000  -0.01051497   2.81874809   3.97272569
168.20000000   1.65032740   2.28616851   3.97507349
168.40000000   2.68413171   0.87796507   3.98769285
168.60000000   2.69398719  -0.86948074   4.00678187
168.80000000   1.67359520  -2.28872462   4.01959064
169.00000000   0.01064301  -2.83618891   4.02204039
169.20000000  -1.66048760  -2.30035108   4.02441709
169.40000000  -2.70071996  -0.88345746   4.03719270
169.60000000  -2.71067546   0.87480048   4.05651868
169.80000000  -1.68400158   2.30284875   4.06948684
170.00000000  -0.01077223   2.85373763   4.07196725
170.20000000   1.67071035   2.31462164   4.07437321
170.40000000   2.71741073   0.88898421   4.08730701
170.60000000   2.72746712  -0.88015276   4.10687288
170.80000000   1.69447267  -2.31706004   4.12000241
171.00000000   0.01090264  -2.87139493   4.12251386
171.20000000  -1.68099604  -2.32898072   4.12494944
171.40000000  -2.73420465  -0.89454552   4.13804339
171.60000000  -2.74436279   0.88553778   4.15785213
171.80000000  -1.70500886   2.33135902   4.17114505
172.00000000  -0.01103425   2.88916149   4.17368793
172.20000000   1.69134504   2.34342888   4.17615349
172.40000000   2.75110236   0.90014163   4.18940957
172.60000000   2.76136312  -0.89095574   4.20946420
172.80000000   1.71561057  -2.34574625   4.22292253
173.00000000   0.01116707  -2.90703797   4.22549724
173.20000000  -1.70175776  -2.35796667   4.22799315
173.40000000  -2.76810449  -0.90577273   4.24141337
173.60000000  -2.77846875   0.89640685   4.26171693
173.80000000  -1.72627819   2.36022226   4.27534275
174.00000000  -0.01130112   2.92502506   4.27794967
174.20000000   1.71223458   2.37259465   4.28047631
174.40000000   2.78521170   0.91143906   4.29406269
174.60000000   2.79568036  -0.90189131   4.31461829
174.80000000   1.73701214  -2.37478760   4.32841366
175.00000000   0.01143639  -2.94312345   4.33105321
175.20000000  -1.72277590  -2.38731337   4.33361096
175.40000000  -2.80242463  -0.91714083   4.34736557
175.60000000  -2.81299857   0.90740931   4.36817632
175.80000000  -1.74781284   2.38944282   4.38214336
176.00000000  -0.01157291   2.96133381   4.38481594
176.20000000   1.73338211   2.40212339   4.38740518
176.40000000   2.81974394   0.92287826   4.40133009
176.60000000   2.83042407  -0.91296107   4.42239917
176.80000000   1.75868069  -2.40418849   4.43654002
177.00000000   0.01171068  -2.97965685   4.43924605
177.20000000  -1.74405362  -2.41702530   4.44186716
177.40000000  -2.83717028  -0.92865159   4.45596449
177.60000000  -2.84795751   0.91854679   4.47729511
177.80000000  -1.76961611   2.41902515   4.49161192
178.00000000  -0.01184971   2.99809326   4.49435181
178.20000000   1.75479083   2.43201964   4.49700519
178.40000000   2.85470432   0.93446102   4.51127708
178.60000000   2.86559957  -0.92416669   4.53287247
178.80000000   1.78061953  -2.43395337   4.54736745
179.00000000   0.01199001  -3.01664374   4.55014162
179.20000000  -1.76559413  -2.44710701   4.55282767
179.40000000  -2.87234672  -0.94030679   4.56727627
179.60000000  -2.88335090   0.92982096   4.58913972
179.80000000  -1.79169136   2.44897371   4.60381507
180.00000000  -0.01213160   3.03530901   4.60662397
180.20000000   1.77646394   2.46228796   4.60934308
180.40000000   2.89009815   0.94618913   4.62397058
180.60000000   2.90121220  -0.93550982   4.64610543
180.80000000   1.80283204  -2.46408674   4.66096340
181.00000000   0.01227447  -3.05408975   4.66380744
181.20000000  -1.78740067  -2.47756310   4.66656003
181.40000000  -2.90795928  -0.95210826   4.68136865
181.60000000  -2.91918414   0.94123348   4.70377826
181.80000000  -1.81404198   2.47929303   4.71882113
182.00000000  -0.01241866   3.07298671   4.72170076
182.20000000   1.79840473   2.49293299   4.72448723
182.40000000   2.92593079   0.95806441   4.73947921
182.60000000   2.93726741  -0.94699216   4.76216699
182.80000000   1.82532163  -2.49459317   4.77739705
183.00000000   0.01256415  -3.09200058   4.78031272
183.20000000  -1.80947653  -2.50839823   4.78313350
183.40000000  -2.94401337  -0.96405782   4.79831111
183.60000000  -2.95546270   0.95278606   4.82128052
183.80000000  -1.83667141   2.50998772   4.83670010
184.00000000  -0.01271097   3.11113210   4.83965226
184.20000000   1.82061649   2.52395941   4.84250776
184.40000000   2.96220770   0.97008872   4.85787330
184.60000000   2.97377069  -0.95861541   4.88112782
184.80000000   1.84809175  -2.52547727   4.89673929
185.00000000   0.01285913  -3.13038199   4.89972839
185.20000000  -1.83182503  -2.53961712   4.90261905
185.40000000  -2.98051447  -0.97615734   4.91817484
185.60000000  -2.99219210   0.96448042   4.94171802
185.80000000  -1.85958311   2.54106241   4.95752376
186.00000000  -0.01300864   3.14975099   4.96055026
186.20000000   1.84310258   2.55537197   4.96347651
186.40000000   2.99893438   0.98226392   4.97922491
186.60000000   3.01072762  -0.97038130   5.00306034
186.80000000   1.87114592  -2.55674372   5.01906276
187.00000000   0.01315950  -3.16923983   5.02212714
187.20000000  -1.85444955  -2.57122455   5.02508941
187.40000000  -3.01746812  -0.98840869   5.04103281
187.60000000  -3.02937796   0.97631829   5.06516411
187.80000000  -1.88278062   2.57252181   5.08136566
188.00000000  -0.01331173   3.18884926   5.08446839
188.20000000   1.86586637   2.58717547   5.08746713
188.40000000   3.03611641   0.99459190   5.10360794
188.60000000   3.04814383  -0.98229159   5.12803878
188.80000000   1.89448767  -2.58839726   5.14444195
189.00000000   0.01346534  -3.20858001   5.14758351
189.20000000  -1.87735348  -2.60322535   5.15061916
189.40000000  -3.05487993  -1.00081379   5.16695982
189.60000000  -3.06702594   0.98830143   5.19169393
189.80000000  -1.90626750   2.60437068   5.20830121
190.00000000  -0.01362034   3.22843285   5.21148209
190.20000000   1.88891131   2.61937479   5.21455511
190.40000000   3.07375942   1.00707459   5.23109810
190.60000000   3.08602502  -0.99434804   5.25613923
190.80000000   1.91812058  -2.62044267   5.27295318
191.00000000   0.01377675  -3.24840852   5.27617386
191.20000000  -1.90054029  -2.63562441   5.27928472
191.40000000  -3.09275558  -1.01337455   5.29603254
191.60000000  -3.10514180   1.00043163   5.32138451
191.80000000  -1.93004736   2.63661385   5.33840769
192.00000000  -0.01393456   3.26850779   5.34166867
192.20000000   1.91224086   2.65197484   5.34481783
192.40000000   3.11186914   1.01971392   5.36177302
192.60000000   3.12437699  -1.00655244   5.38743968
192.80000000   1.94204829  -2.65288481   5.40467470
193.00000000   0.01409381  -3.28873142   5.40797649
193.20000000  -1.92401346  -2.66842670   5.41116442
193.40000000  -3.13110083  -1.02609294   5.42832955
193.60000000  -3.14373133   1.01271070   5.45431481
193.80000000  -1.95412385   2.66925619   5.47176431
194.00000000  -0.01425449   3.30908018   5.47510741
194.20000000   1.93585854   2.68498061   5.47833458
194.40000000   3.15045136   1.03251186   5.49571226
194.60000000   3.16320557  -1.01890662   5.52202007
194.80000000   1.96627448  -2.68572859   5.53968671
195.00000000   0.01441662  -3.32955485   5.54307165
195.20000000  -1.94777653  -2.70163722   5.54633855
195.40000000  -3.16992148  -1.03897093   5.56393139
195.60000000  -3.18280043   1.02514045   5.59056577
195.80000000  -1.97850067   2.70230265   5.60845225
196.00000000  -0.01458021   3.35015619   5.61187955
196.20000000   1.95976790   2.71839716   5.61518667
196.40000000   3.18951193   1.04547040   5.63299734
196.60000000   3.20251668  -1.03141241   5.65996234
196.80000000   1.99080287  -2.71897898   5.67807139
197.00000000   0.01474527  -3.37088501   5.68154159
197.20000000  -1.97183309  -2.73526107   5.68488942
197.40000000  -3.20922344  -1.05201053   5.70292062
197.60000000  -3.22235507   1.03772274   5.73022033
197.80000000  -2.00318157   2.73575823   5.74855474
198.00000000  -0.01491182   3.39174208   5.75206836
198.20000000   1.98397255   2.75222959   5.75545740
198.40000000   3.22905677   1.05859156   5.77371187
198.60000000   3.24231634  -1.04407167   5.80135045
198.80000000   2.01563723  -2.75264102   5.81991301
199.00000000   0.01507987  -3.41272820   5.82347060
199.20000000  -1.99618674  -2.76930338   5.82690136
199.40000000  -3.24901268  -1.06521375   5.84538186
199.60000000  -3.26240126   1.05045944   5.87336352
199.80000000  -2.02817034   2.76962799   5.89215707
200.00000000  -0.01524942   3.43378429   5.89555355
