 0.0  0.0
 1.0  0.0

 0.206352980334  -20.0
 0.206352980334  20.0

 0.206352980334  -20.0
 0.206352980334  20.0

 0.459082734695  -20.0
 0.459082734695  20.0

 0.459082734695  -20.0
 0.459082734695  20.0

 0.75090991812  -20.0
 0.75090991812  20.0

 0.75090991812  -20.0
 0.75090991812  20.0

 0.896823509833  -20.0
 0.896823509833  20.0

 0.896823509833  -20.0
 0.896823509833  20.0

 1.0  -20.0
 1.0  20.0

 0.0  -7.94382294
 0.0108606792656  -8.11592562
 0.0217213667854  -8.28799135
 0.0325820460511  -8.45729388
 0.0434427335708  -8.62189783
 0.0543034128365  -8.77997814
 0.0651641003562  -8.9301093
 0.0760247796219  -9.07156915
 0.0868854671417  -9.20354901
 0.0977461464073  -9.3254945
 0.108606833927  -9.43685063
 0.119467513193  -9.53727395
 0.130328200712  -9.62653578
 0.141188879978  -9.7041162
 0.152049567498  -9.7701706
 0.162910246764  -9.82440722
 0.173770934283  -9.86658155
 0.184631613549  -9.89669888
 0.195492301069  -9.91485807
 0.206352980334  -9.92092427
 0.206352980334  -9.92092427
 0.219654546619  -9.96031981
 0.232956112904  -10.06982141
 0.246257679189  -10.22752594
 0.259559245474  -10.41334481
 0.27286081176  -10.61185232
 0.286162378045  -10.81256
 0.29946394433  -11.00911566
 0.312765510615  -11.19702647
 0.3260670769  -11.37342993
 0.33936863813  -11.53633856
 0.352670204415  -11.68444682
 0.3659717707  -11.81665045
 0.379273336985  -11.93228855
 0.39257490327  -12.03081637
 0.405876469555  -12.1119083
 0.41917803584  -12.17526047
 0.432479602125  -12.2206492
 0.44578116841  -12.24792749
 0.459082734695  -12.25710363
 0.459082734695  -12.25710363
 0.474442060446  -12.2448929
 0.489801386197  -12.2084988
 0.505160711947  -12.1478884
 0.520520037698  -12.0631978
 0.535879363448  -11.95451267
 0.551238689199  -11.82208346
 0.56659801495  -11.66599375
 0.5819573407  -11.48658622
 0.597316666451  -11.2841477
 0.612675986365  -11.05892848
 0.628035312115  -10.81163088
 0.643394637866  -10.54258958
 0.658753963617  -10.25196913
 0.674113289367  -9.94127484
 0.689472615118  -9.61068606
 0.704831940868  -9.26125491
 0.720191266619  -8.89377017
 0.73555059237  -8.50938396
 0.75090991812  -8.10922291
 0.75090991812  -8.10922291
 0.758589578077  -8.10819484
 0.766269243871  -8.10513157
 0.773948903828  -8.10013006
 0.781628569622  -8.09323341
 0.789308229579  -8.08461564
 0.796987895372  -8.07446475
 0.804667555329  -8.06300799
 0.812347221123  -8.05065462
 0.82002688108  -8.0374838
 0.827706546873  -8.02380947
 0.83538620683  -8.01016001
 0.843065872624  -7.99685807
 0.850745532581  -7.98407031
 0.858425198375  -7.97263636
 0.866104858332  -7.96267578
 0.873784524125  -7.95455521
 0.881464184082  -7.94876305
 0.889143849876  -7.94506925
 0.896823509833  -7.94382294
 0.896823509833  -7.94382294
 0.902253853593  -8.00272601
 0.907684189098  -8.05850715
 0.913114532858  -8.11115475
 0.918544876618  -8.16065116
 0.923975220378  -8.20698371
 0.929405555884  -8.25011916
 0.934835899644  -8.29014953
 0.940266243404  -8.3269926
 0.945696587164  -8.36065317
 0.951126922669  -8.39122548
 0.956557266429  -8.41849988
 0.961987610189  -8.44257626
 0.967417953949  -8.46345063
 0.972848289455  -8.48111978
 0.978278633215  -8.4955932
 0.983708976974  -8.50684303
 0.989139320734  -8.51488046
 0.99456965624  -8.51970436
 1.0  -8.52101308
 1.0  -7.51920488
 0.99456965624  -7.52010532
 0.989139320734  -7.52200362
 0.983708976974  -7.52523978
 0.978278633215  -7.52991802
 0.972848289455  -7.53617253
 0.967417953949  -7.54421784
 0.961987610189  -7.55426195
 0.956557266429  -7.56669121
 0.951126922669  -7.58156135
 0.945696587164  -7.59921623
 0.940266243404  -7.62019817
 0.934835899644  -7.64476455
 0.929405555884  -7.67326531
 0.923975220378  -7.70607975
 0.918544876618  -7.74359774
 0.913114532858  -7.78602711
 0.907684189098  -7.83339971
 0.902253853593  -7.88598282
 0.896823509833  -7.94382209
 0.896823509833  -7.94382209
 0.889143849876  -7.9450684
 0.881464184082  -7.94876221
 0.873784524125  -7.95455441
 0.866104858332  -7.962675
 0.858425198375  -7.97263566
 0.850745532581  -7.98406963
 0.843065872624  -7.99685752
 0.83538620683  -8.01015949
 0.827706546873  -8.02380898
 0.82002688108  -8.03748336
 0.812347221123  -8.05065426
 0.804667555329  -8.06300773
 0.796987895372  -8.07446451
 0.789308229579  -8.08461543
 0.781628569622  -8.09323323
 0.773948903828  -8.1001299
 0.766269243871  -8.10513152
 0.758589578077  -8.10819479
 0.75090991812  -8.10922286
 0.75090991812  -8.10922286
 0.73555059237  -7.69460066
 0.720191266619  -7.26693912
 0.704831940868  -6.8277502
 0.689472615118  -6.37782484
 0.674113289367  -5.92067105
 0.658753963617  -5.4568047
 0.643394637866  -4.9882132
 0.628035312115  -4.51658101
 0.612675986365  -4.0435758
 0.597316666451  -3.57090981
 0.5819573407  -3.10060344
 0.56659801495  -2.63498868
 0.551238689199  -2.17685618
 0.535879363448  -1.73195952
 0.520520037698  -1.30948434
 0.505160711947  -0.92307074
 0.489801386197  -0.59849356
 0.474442060446  -0.37329635
 0.459082734695  -0.29226201
 0.459082734695  -0.29226201
 0.44578116841  -0.39863556
 0.432479602125  -0.68367222
 0.41917803584  -1.07809023
 0.405876469555  -1.53112875
 0.39257490327  -2.01336793
 0.379273336985  -2.50951752
 0.3659717707  -3.00677152
 0.352670204415  -3.50053539
 0.33936863813  -3.98528399
 0.3260670769  -4.45775152
 0.312765510615  -4.9146134
 0.29946394433  -5.35248598
 0.286162378045  -5.76750881
 0.27286081176  -6.15538624
 0.259559245474  -6.50669755
 0.246257679189  -6.81184615
 0.232956112904  -7.05507227
 0.219654546619  -7.21523745
 0.206352980334  -7.27174737
 0.206352980334  -7.27174737
 0.195492301069  -7.2684901
 0.184631613549  -7.25885503
 0.173770934283  -7.24325359
 0.162910246764  -7.22230651
 0.152049567498  -7.19704844
 0.141188879978  -7.16905596
 0.130328200712  -7.14024202
 0.119467513193  -7.11317587
 0.108606833927  -7.09178145
 0.0977461464073  -7.08019264
 0.0868854671417  -7.08363038
 0.0760247796219  -7.1076245
 0.0651641003562  -7.15685289
 0.0543034128365  -7.23416277
 0.0434427335708  -7.33846302
 0.0325820460511  -7.46706373
 0.0217213667854  -7.61448629
 0.0108606792656  -7.77523204
 0.0  -7.94382209
 0.0  -4.15827784
 0.0108606792656  -4.2757229
 0.0217213667854  -4.36625332
 0.0325820460511  -4.42428029
 0.0434427335708  -4.44375399
 0.0543034128365  -4.41954965
 0.0651641003562  -4.34802562
 0.0760247796219  -4.22940326
 0.0868854671417  -4.06636156
 0.0977461464073  -3.86455387
 0.108606833927  -3.62999167
 0.119467513193  -3.3693291
 0.130328200712  -3.09011219
 0.141188879978  -2.79819776
 0.152049567498  -2.501594
 0.162910246764  -2.21112031
 0.173770934283  -1.94052345
 0.184631613549  -1.7105775
 0.195492301069  -1.55113836
 0.206352980334  -1.49327085
 0.206352980334  -1.49327085
 0.219654546619  -1.48829167
 0.232956112904  -1.47404372
 0.246257679189  -1.44915618
 0.259559245474  -1.41439703
 0.27286081176  -1.36983262
 0.286162378045  -1.31546389
 0.29946394433  -1.25181882
 0.312765510615  -1.17907443
 0.3260670769  -1.0978047
 0.33936863813  -1.00881619
 0.352670204415  -0.91290401
 0.3659717707  -0.81224158
 0.379273336985  -0.70829123
 0.39257490327  -0.60590364
 0.405876469555  -0.50858243
 0.41917803584  -0.42185107
 0.432479602125  -0.35235064
 0.44578116841  -0.3069436
 0.459082734695  -0.2922512
 0.459082734695  -0.2922512
 0.474442060446  -0.34324202
 0.489801386197  -0.48487049
 0.505160711947  -0.68542996
 0.520520037698  -0.91734704
 0.535879363448  -1.16168906
 0.551238689199  -1.40839368
 0.56659801495  -1.64687132
 0.5819573407  -1.87399122
 0.597316666451  -2.08676645
 0.612675986365  -2.28308463
 0.628035312115  -2.46138193
 0.643394637866  -2.62057959
 0.658753963617  -2.75979586
 0.674113289367  -2.87928853
 0.689472615118  -2.97679316
 0.704831940868  -3.05324677
 0.720191266619  -3.10755159
 0.73555059237  -3.14039271
 0.75090991812  -3.15134953
 0.75090991812  -3.15134953
 0.758589578077  -3.16068986
 0.766269243871  -3.18808003
 0.773948903828  -3.23203664
 0.781628569622  -3.28944744
 0.789308229579  -3.35757595
 0.796987895372  -3.43339368
 0.804667555329  -3.51388981
 0.812347221123  -3.59686589
 0.82002688108  -3.67949942
 0.827706546873  -3.75950166
 0.83538620683  -3.83547504
 0.843065872624  -3.90590746
 0.850745532581  -3.96945268
 0.858425198375  -4.02512211
 0.866104858332  -4.07188114
 0.873784524125  -4.10910655
 0.881464184082  -4.13641624
 0.889143849876  -4.15279082
 0.896823509833  -4.15827784
 0.896823509833  -4.15827784
 0.902253853593  -4.20292034
 0.907684189098  -4.24549192
 0.913114532858  -4.28592797
 0.918544876618  -4.32414297
 0.923975220378  -4.3601316
 0.929405555884  -4.39373785
 0.934835899644  -4.42510504
 0.940266243404  -4.45409141
 0.945696587164  -4.48066713
 0.951126922669  -4.50483724
 0.956557266429  -4.52650004
 0.961987610189  -4.54566959
 0.967417953949  -4.56232523
 0.972848289455  -4.57644917
 0.978278633215  -4.58820433
 0.983708976974  -4.59721832
 0.989139320734  -4.60366456
 0.99456965624  -4.60753737
 1.0  -4.60850498
 1.0  -2.72363552
 0.99456965624  -2.73401648
 0.989139320734  -2.76428086
 0.983708976974  -2.81288044
 0.978278633215  -2.87739821
 0.972848289455  -2.95507111
 0.967417953949  -3.04282797
 0.961987610189  -3.13788812
 0.956557266429  -3.23797431
 0.951126922669  -3.34014317
 0.945696587164  -3.44256644
 0.940266243404  -3.54369902
 0.934835899644  -3.64190488
 0.929405555884  -3.73578215
 0.923975220378  -3.82436621
 0.918544876618  -3.90704616
 0.913114532858  -3.98223056
 0.907684189098  -4.04937996
 0.902253853593  -4.10818047
 0.896823509833  -4.15827297
 0.896823509833  -4.15827297
 0.889143849876  -4.15278594
 0.881464184082  -4.13641134
 0.873784524125  -4.10910216
 0.866104858332  -4.07187672
 0.858425198375  -4.02511758
 0.850745532581  -3.96944808
 0.843065872624  -3.90590254
 0.83538620683  -3.83547004
 0.827706546873  -3.75949654
 0.82002688108  -3.67949411
 0.812347221123  -3.59686048
 0.804667555329  -3.51388533
 0.796987895372  -3.43338904
 0.789308229579  -3.35757113
 0.781628569622  -3.28944241
 0.773948903828  -3.23203142
 0.766269243871  -3.18807473
 0.758589578077  -3.16068444
 0.75090991812  -3.15134407
 0.75090991812  -3.15134407
 0.73555059237  -3.14038725
 0.720191266619  -3.10754612
 0.704831940868  -3.05324105
 0.689472615118  -2.97678743
 0.674113289367  -2.87928277
 0.658753963617  -2.75979002
 0.643394637866  -2.62057373
 0.628035312115  -2.46137603
 0.612675986365  -2.28307866
 0.597316666451  -2.08676039
 0.5819573407  -1.87398508
 0.56659801495  -1.64686509
 0.551238689199  -1.40838733
 0.535879363448  -1.16168254
 0.520520037698  -0.91734039
 0.505160711947  -0.68542318
 0.489801386197  -0.48486361
 0.474442060446  -0.34323509
 0.459082734695  -0.2922512
 0.459082734695  -0.2922512
 0.44578116841  -0.3069436
 0.432479602125  -0.35235064
 0.41917803584  -0.42185107
 0.405876469555  -0.50858243
 0.39257490327  -0.60590364
 0.379273336985  -0.70829123
 0.3659717707  -0.81224158
 0.352670204415  -0.91290401
 0.33936863813  -1.00881618
 0.3260670769  -1.0978047
 0.312765510615  -1.17907442
 0.29946394433  -1.25181882
 0.286162378045  -1.31546388
 0.27286081176  -1.36983261
 0.259559245474  -1.41439703
 0.246257679189  -1.44915618
 0.232956112904  -1.47404371
 0.219654546619  -1.48829167
 0.206352980334  -1.49327085
 0.206352980334  -1.49327085
 0.195492301069  -1.50469829
 0.184631613549  -1.53918054
 0.173770934283  -1.59634275
 0.162910246764  -1.67579644
 0.152049567498  -1.77699813
 0.141188879978  -1.8989456
 0.130328200712  -2.03984847
 0.119467513193  -2.19682572
 0.108606833927  -2.36799583
 0.0977461464073  -2.54995198
 0.0868854671417  -2.73908942
 0.0760247796219  -2.93270524
 0.0651641003562  -3.1276117
 0.0543034128365  -3.32149314
 0.0434427335708  -3.51014143
 0.0325820460511  -3.69125724
 0.0217213667854  -3.86188832
 0.0108606792656  -4.01899875
 0.0  -4.15827297
 0.0  3.97680237
 0.0108606792656  3.82554791
 0.0217213667854  3.65949704
 0.0325820460511  3.49801193
 0.0434427335708  3.34794636
 0.0543034128365  3.21336349
 0.0651641003562  3.09689896
 0.0760247796219  2.99645334
 0.0868854671417  2.91754019
 0.0977461464073  2.85074819
 0.108606833927  2.70215356
 0.119467513193  2.55398923
 0.130328200712  2.40031488
 0.141188879978  2.2356922
 0.152049567498  2.05271888
 0.162910246764  1.85019226
 0.173770934283  1.63777911
 0.184631613549  1.44111603
 0.195492301069  1.29718938
 0.206352980334  1.24360688
 0.206352980334  1.24360688
 0.219654546619  1.24933894
 0.232956112904  1.26616878
 0.246257679189  1.29612763
 0.259559245474  1.33574595
 0.27286081176  1.38636152
 0.286162378045  1.44770822
 0.29946394433  1.51957165
 0.312765510615  1.60047798
 0.3260670769  1.68989354
 0.33936863813  1.78645518
 0.352670204415  1.88611644
 0.3659717707  1.98980507
 0.379273336985  2.0926808
 0.39257490327  2.18936799
 0.405876469555  2.27098319
 0.41917803584  2.32582166
 0.432479602125  2.33760418
 0.44578116841  2.30033155
 0.459082734695  2.27694926
 0.459082734695  2.27694926
 0.474442060446  2.24659394
 0.489801386197  2.15904985
 0.505160711947  2.02500203
 0.520520037698  1.85779362
 0.535879363448  1.67058127
 0.551238689199  1.4739134
 0.56659801495  1.27807057
 0.5819573407  1.08909052
 0.597316666451  0.91229393
 0.612675986365  0.75238754
 0.628035312115  0.61108202
 0.643394637866  0.49159077
 0.658753963617  0.39711247
 0.674113289367  0.32707608
 0.689472615118  0.28496576
 0.704831940868  0.27017774
 0.720191266619  0.2861755
 0.73555059237  0.33189096
 0.75090991812  0.40946267
 0.75090991812  0.40946267
 0.758589578077  0.42644326
 0.766269243871  0.47676985
 0.773948903828  0.55838924
 0.781628569622  0.66947828
 0.789308229579  0.80677732
 0.796987895372  0.96729502
 0.804667555329  1.14829659
 0.812347221123  1.34583388
 0.82002688108  1.56032322
 0.827706546873  1.7888612
 0.83538620683  2.02955719
 0.843065872624  2.28092839
 0.850745532581  2.54140335
 0.858425198375  2.80956783
 0.866104858332  3.08362295
 0.873784524125  3.35908211
 0.881464184082  3.62661622
 0.889143849876  3.8630749
 0.896823509833  3.97680237
 0.896823509833  3.97680237
 0.902253853593  3.87191393
 0.907684189098  3.6860505
 0.913114532858  3.46741912
 0.918544876618  3.23878313
 0.923975220378  3.00797558
 0.929405555884  2.77894806
 0.934835899644  2.55425752
 0.940266243404  2.33650407
 0.945696587164  2.12681818
 0.951126922669  1.92650895
 0.956557266429  1.737689
 0.961987610189  1.5630661
 0.967417953949  1.40265503
 0.972848289455  1.25994021
 0.978278633215  1.13694042
 0.983708976974  1.03779027
 0.989139320734  0.96453851
 0.99456965624  0.91951918
 1.0  0.90455478
 1.0  3.83892117
 0.99456965624  3.8385015
 0.989139320734  3.84172178
 0.983708976974  3.84706765
 0.978278633215  3.85450103
 0.972848289455  3.86348179
 0.967417953949  3.87486805
 0.961987610189  3.88809516
 0.956557266429  3.90301622
 0.951126922669  3.91943333
 0.945696587164  3.9372211
 0.940266243404  3.95572742
 0.934835899644  3.97455586
 0.929405555884  3.99298255
 0.923975220378  4.00961827
 0.918544876618  4.0226117
 0.913114532858  4.02985862
 0.907684189098  4.02797953
 0.902253853593  4.01184056
 0.896823509833  3.97684028
 0.896823509833  3.97684028
 0.889143849876  3.86311253
 0.881464184082  3.62665264
 0.873784524125  3.3591118
 0.866104858332  3.08365158
 0.858425198375  2.80959562
 0.850745532581  2.54143048
 0.843065872624  2.28095522
 0.83538620683  2.02958359
 0.827706546873  1.78888727
 0.82002688108  1.56034906
 0.812347221123  1.34585916
 0.804667555329  1.14831642
 0.796987895372  0.96731497
 0.789308229579  0.8067974
 0.781628569622  0.66949856
 0.773948903828  0.55840974
 0.766269243871  0.47679006
 0.758589578077  0.42646359
 0.75090991812  0.40948304
 0.75090991812  0.40948304
 0.73555059237  0.51994351
 0.720191266619  0.66371716
 0.704831940868  0.84167343
 0.689472615118  1.05707653
 0.674113289367  1.30649244
 0.658753963617  1.5921239
 0.643394637866  1.91149185
 0.628035312115  2.26302286
 0.612675986365  2.64237631
 0.597316666451  3.04095794
 0.5819573407  3.44322577
 0.56659801495  3.81424606
 0.551238689199  3.9222935
 0.535879363448  3.51786014
 0.520520037698  3.14112693
 0.505160711947  2.80574423
 0.489801386197  2.53073524
 0.474442060446  2.34428239
 0.459082734695  2.27696069
 0.459082734695  2.27696069
 0.44578116841  2.30033155
 0.432479602125  2.36694757
 0.41917803584  2.46948565
 0.405876469555  2.59746671
 0.39257490327  2.7389404
 0.379273336985  2.88116484
 0.3659717707  3.01158534
 0.352670204415  3.11908345
 0.33936863813  3.19588535
 0.3260670769  3.23963487
 0.312765510615  3.25246586
 0.29946394433  3.24097156
 0.286162378045  3.21316215
 0.27286081176  3.1771221
 0.259559245474  3.13960038
 0.246257679189  3.10567183
 0.232956112904  3.07902984
 0.219654546619  3.06300536
 0.206352980334  3.05718573
 0.206352980334  3.05718573
 0.195492301069  3.04615072
 0.184631613549  3.01522926
 0.173770934283  2.97031167
 0.162910246764  2.92157829
 0.152049567498  2.8737314
 0.141188879978  2.83531233
 0.130328200712  2.81185122
 0.119467513193  2.80810496
 0.108606833927  2.8219647
 0.0977461464073  2.85898649
 0.0868854671417  3.00266812
 0.0760247796219  3.16040628
 0.0651641003562  3.32363756
 0.0543034128365  3.49061374
 0.0434427335708  3.66361012
 0.0325820460511  3.83516999
 0.0217213667854  3.98459063
 0.0108606792656  4.05181178
 0.0  3.97684028
 0.0  4.71478375
 0.0108606792656  4.63691353
 0.0217213667854  4.72717742
 0.0325820460511  4.92300868
 0.0434427335708  5.16449238
 0.0543034128365  5.43054611
 0.0651641003562  5.71818184
 0.0760247796219  6.02018105
 0.0868854671417  6.33745535
 0.0977461464073  5.88349005
 0.108606833927  5.38787459
 0.119467513193  4.91722323
 0.130328200712  4.47832431
 0.141188879978  4.08690444
 0.152049567498  3.75376897
 0.162910246764  3.48565374
 0.173770934283  3.28721645
 0.184631613549  3.15550031
 0.195492301069  3.08117498
 0.206352980334  3.05718573
 0.206352980334  3.05718573
 0.219654546619  3.06300536
 0.232956112904  3.07902985
 0.246257679189  3.10567184
 0.259559245474  3.13960039
 0.27286081176  3.17712211
 0.286162378045  3.21316215
 0.29946394433  3.24097156
 0.312765510615  3.25246586
 0.3260670769  3.23963487
 0.33936863813  3.19588535
 0.352670204415  3.11908346
 0.3659717707  3.01158534
 0.379273336985  2.88116484
 0.39257490327  2.7389404
 0.405876469555  2.59746671
 0.41917803584  2.46948565
 0.432479602125  2.36694757
 0.44578116841  2.30412792
 0.459082734695  2.27696069
 0.459082734695  2.27696069
 0.474442060446  2.34428979
 0.489801386197  2.53074272
 0.505160711947  2.80575188
 0.520520037698  3.14113476
 0.535879363448  3.51786822
 0.551238689199  3.92230188
 0.56659801495  4.34870446
 0.5819573407  4.79088796
 0.597316666451  5.24537521
 0.612675986365  5.71265266
 0.628035312115  6.18509477
 0.643394637866  6.66464841
 0.658753963617  7.15092769
 0.674113289367  7.64187772
 0.689472615118  8.14557214
 0.704831940868  8.64076944
 0.720191266619  9.13735313
 0.73555059237  9.58646937
 0.75090991812  9.826068
 0.75090991812  9.826068
 0.758589578077  9.79912454
 0.766269243871  9.71260754
 0.773948903828  9.55247088
 0.781628569622  9.32820747
 0.789308229579  9.05359854
 0.796987895372  8.7460634
 0.804667555329  8.42063833
 0.812347221123  8.08086899
 0.82002688108  7.73893363
 0.827706546873  7.3962824
 0.83538620683  7.05212475
 0.843065872624  6.70962314
 0.850745532581  6.37035048
 0.858425198375  6.03568145
 0.866104858332  5.70844017
 0.873784524125  5.3908343
 0.881464184082  5.0890072
 0.889143849876  4.83451549
 0.896823509833  4.71478375
 0.896823509833  4.71478375
 0.902253853593  4.72704963
 0.907684189098  4.82797077
 0.913114532858  4.96966708
 0.918544876618  5.09303453
 0.923975220378  5.22468143
 0.929405555884  5.36434566
 0.934835899644  5.50783008
 0.940266243404  5.65603522
 0.945696587164  5.80762576
 0.951126922669  5.96087094
 0.956557266429  6.11694199
 0.961987610189  6.27426506
 0.967417953949  6.43208153
 0.972848289455  6.58939184
 0.978278633215  6.74409229
 0.983708976974  6.89418998
 0.989139320734  7.03280639
 0.99456965624  7.14366488
 1.0  7.19120643
 1.0  7.74174611
 0.99456965624  7.7854997
 0.989139320734  7.65104496
 0.983708976974  7.45077289
 0.978278633215  7.24728727
 0.972848289455  7.04154185
 0.967417953949  6.83861786
 0.961987610189  6.63722433
 0.956557266429  6.43768837
 0.951126922669  6.24058684
 0.945696587164  6.04625425
 0.940266243404  5.85484788
 0.934835899644  5.66694266
 0.929405555884  5.48403948
 0.923975220378  5.30458561
 0.918544876618  5.13076609
 0.913114532858  4.97235096
 0.907684189098  4.86601218
 0.902253853593  4.77858871
 0.896823509833  4.71480025
 0.896823509833  4.71480025
 0.889143849876  4.83454037
 0.881464184082  5.08903836
 0.873784524125  5.39086637
 0.866104858332  5.70847435
 0.858425198375  6.03571485
 0.850745532581  6.37038525
 0.843065872624  6.70966408
 0.83538620683  7.05216699
 0.827706546873  7.39632575
 0.82002688108  7.73898471
 0.812347221123  8.08092078
 0.804667555329  8.42068787
 0.796987895372  8.74611172
 0.789308229579  9.05364279
 0.781628569622  9.32824552
 0.773948903828  9.55249941
 0.766269243871  9.71262196
 0.758589578077  9.79913239
 0.75090991812  9.82607335
 0.75090991812  9.82607335
 0.73555059237  9.5864746
 0.720191266619  9.13735821
 0.704831940868  8.64077673
 0.689472615118  8.14557926
 0.674113289367  7.64188871
 0.658753963617  7.15093838
 0.643394637866  6.66465879
 0.628035312115  6.18510482
 0.612675986365  5.71266236
 0.597316666451  5.2453845
 0.5819573407  4.79089693
 0.56659801495  4.34871313
 0.551238689199  4.08026871
 0.535879363448  4.13056991
 0.520520037698  3.95083851
 0.505160711947  3.65988653
 0.489801386197  3.3680884
 0.474442060446  3.15260715
 0.459082734695  3.07213234
 0.459082734695  3.07213234
 0.44578116841  3.13635302
 0.432479602125  3.33997752
 0.41917803584  3.67070432
 0.405876469555  4.08104747
 0.39257490327  4.53137883
 0.379273336985  4.9988213
 0.3659717707  5.4706086
 0.352670204415  5.93993522
 0.33936863813  6.39873163
 0.3260670769  6.82947311
 0.312765510615  7.20472152
 0.29946394433  7.46485158
 0.286162378045  7.56850976
 0.27286081176  7.56442736
 0.259559245474  7.52176444
 0.246257679189  7.47301069
 0.232956112904  7.43216288
 0.219654546619  7.4063417
 0.206352980334  7.39734157
 0.206352980334  7.39734157
 0.195492301069  7.42584577
 0.184631613549  7.50607181
 0.173770934283  7.6212405
 0.162910246764  7.74154075
 0.152049567498  7.82004807
 0.141188879978  7.8071351
 0.130328200712  7.68438458
 0.119467513193  7.37383577
 0.108606833927  7.01678262
 0.0977461464073  6.67207969
 0.0868854671417  6.40259596
 0.0760247796219  6.41895876
 0.0651641003562  6.142492
 0.0543034128365  5.87011048
 0.0434427335708  5.60663152
 0.0325820460511  5.35380074
 0.0217213667854  5.1137671
 0.0108606792656  4.89402064
 0.0  4.71480025
 0.0  10.32488246
 0.0108606792656  9.96614359
 0.0217213667854  9.53508029
 0.0325820460511  9.05094086
 0.0434427335708  8.53460009
 0.0543034128365  8.00266228
 0.0651641003562  7.46820149
 0.0760247796219  6.92783136
 0.0868854671417  6.6980316
 0.0977461464073  6.97414948
 0.108606833927  7.24101978
 0.119467513193  7.48542691
 0.130328200712  7.74093497
 0.141188879978  8.12280382
 0.152049567498  8.51497337
 0.162910246764  8.91609229
 0.173770934283  9.32485217
 0.184631613549  9.74517448
 0.195492301069  10.14163721
 0.206352980334  10.36469016
 0.206352980334  10.36469016
 0.219654546619  10.07014318
 0.232956112904  9.57731175
 0.246257679189  9.10293458
 0.259559245474  8.65068267
 0.27286081176  8.23039199
 0.286162378045  7.85044295
 0.29946394433  7.51151896
 0.312765510615  7.23346166
 0.3260670769  7.01936591
 0.33936863813  6.87563359
 0.352670204415  6.81008522
 0.3659717707  6.80905727
 0.379273336985  6.86850464
 0.39257490327  6.97243088
 0.405876469555  7.10420186
 0.41917803584  7.24598194
 0.432479602125  7.37534661
 0.44578116841  7.4676555
 0.459082734695  7.50140325
 0.459082734695  7.50140325
 0.474442060446  7.39936902
 0.489801386197  7.13025762
 0.505160711947  6.77549198
 0.520520037698  6.42265792
 0.535879363448  6.21147476
 0.551238689199  6.25968439
 0.56659801495  6.56046931
 0.5819573407  7.00002528
 0.597316666451  7.50867041
 0.612675986365  8.05335334
 0.628035312115  8.61209168
 0.643394637866  9.17629277
 0.658753963617  9.73842587
 0.674113289367  10.11592708
 0.689472615118  10.50555938
 0.704831940868  10.91785105
 0.720191266619  11.37981312
 0.73555059237  11.02473959
 0.75090991812  10.78044476
 0.75090991812  10.78044476
 0.758589578077  10.73702359
 0.766269243871  10.6365262
 0.773948903828  10.5286569
 0.781628569622  10.4516583
 0.789308229579  10.40239791
 0.796987895372  10.37224077
 0.804667555329  10.35427588
 0.812347221123  10.33892144
 0.82002688108  10.32886325
 0.827706546873  10.32619907
 0.83538620683  10.32492059
 0.843065872624  10.32482767
 0.850745532581  10.31868012
 0.858425198375  10.31962962
 0.866104858332  10.32256533
 0.873784524125  10.32355017
 0.881464184082  10.32420199
 0.889143849876  10.324708
 0.896823509833  10.32488246
 0.896823509833  10.32488246
 0.902253853593  10.2093836
 0.907684189098  10.08720917
 0.913114532858  9.95938565
 0.918544876618  9.82672444
 0.923975220378  9.69052899
 0.929405555884  9.55010512
 0.934835899644  9.40592822
 0.940266243404  9.25899634
 0.945696587164  9.10950667
 0.951126922669  8.95783161
 0.956557266429  8.80437884
 0.961987610189  8.64963302
 0.967417953949  8.49422342
 0.972848289455  8.33906164
 0.978278633215  8.18181979
 0.983708976974  8.03319022
 0.989139320734  7.89566476
 0.99456965624  7.83712209
 1.0  7.94252719
 1.0  8.26723082
 0.99456965624  8.36789831
 0.989139320734  8.55485325
 0.983708976974  8.75640722
 0.978278633215  8.96119607
 0.972848289455  9.16772469
 0.967417953949  9.36984862
 0.961987610189  9.56785593
 0.956557266429  9.75967606
 0.951126922669  9.94274491
 0.945696587164  10.11362948
 0.940266243404  10.26776685
 0.934835899644  10.39924008
 0.929405555884  10.50270762
 0.923975220378  10.56763075
 0.918544876618  10.58341079
 0.913114532858  10.56526478
 0.907684189098  10.51107188
 0.902253853593  10.42841234
 0.896823509833  10.32488359
 0.896823509833  10.32488359
 0.889143849876  10.32470916
 0.881464184082  10.32420326
 0.873784524125  10.32355097
 0.866104858332  10.32256662
 0.858425198375  10.3196336
 0.850745532581  10.31868344
 0.843065872624  10.32483001
 0.83538620683  10.32492194
 0.827706546873  10.32619961
 0.82002688108  10.32886603
 0.812347221123  10.33892676
 0.804667555329  10.35428384
 0.796987895372  10.37225242
 0.789308229579  10.40241452
 0.781628569622  10.45168201
 0.773948903828  10.52868879
 0.766269243871  10.63655198
 0.758589578077  10.73704228
 0.75090991812  10.78044988
 0.75090991812  10.78044988
 0.73555059237  11.02474483
 0.720191266619  11.48579852
 0.704831940868  11.35875397
 0.689472615118  10.83646758
 0.674113289367  10.29238085
 0.658753963617  9.75557618
 0.643394637866  9.42153498
 0.628035312115  9.11390845
 0.612675986365  8.83278785
 0.597316666451  8.58594201
 0.5819573407  8.35777227
 0.56659801495  8.15633516
 0.551238689199  7.98297047
 0.535879363448  7.83802831
 0.520520037698  7.71687721
 0.505160711947  7.6226221
 0.489801386197  7.55528295
 0.474442060446  7.51487387
 0.459082734695  7.50140325
 0.459082734695  7.50140325
 0.44578116841  7.4676555
 0.432479602125  7.37534661
 0.41917803584  7.24598196
 0.405876469555  7.10420187
 0.39257490327  6.97243089
 0.379273336985  6.86850465
 0.3659717707  6.80905727
 0.352670204415  6.81008522
 0.33936863813  6.87563359
 0.3260670769  7.01936591
 0.312765510615  7.23346166
 0.29946394433  7.51151896
 0.286162378045  7.85044295
 0.27286081176  8.23039199
 0.259559245474  8.65068267
 0.246257679189  9.10293459
 0.232956112904  9.57731175
 0.219654546619  10.07014319
 0.206352980334  10.36469017
 0.206352980334  10.36469017
 0.195492301069  10.28848819
 0.184631613549  10.1081216
 0.173770934283  9.89828756
 0.162910246764  9.71249919
 0.152049567498  9.60250587
 0.141188879978  9.6105576
 0.130328200712  9.73628408
 0.119467513193  9.95594873
 0.108606833927  10.20442409
 0.0977461464073  10.44148994
 0.0868854671417  10.6422846
 0.0760247796219  10.78957833
 0.0651641003562  10.88865403
 0.0543034128365  10.93719764
 0.0434427335708  10.94073696
 0.0325820460511  10.89443409
 0.0217213667854  10.78645494
 0.0108606792656  10.59585371
 0.0  10.32488359
 0.0  12.77515233
 0.0108606792656  12.48437844
 0.0217213667854  12.26038072
 0.0325820460511  12.08582631
 0.0434427335708  11.94213277
 0.0543034128365  11.82200088
 0.0651641003562  11.72315174
 0.0760247796219  11.62759886
 0.0868854671417  11.54025868
 0.0977461464073  11.4602749
 0.108606833927  11.38719809
 0.119467513193  11.32125331
 0.130328200712  11.26200539
 0.141188879978  11.21162618
 0.152049567498  11.16714063
 0.162910246764  11.130381
 0.173770934283  11.10145725
 0.184631613549  11.08103759
 0.195492301069  11.0680388
 0.206352980334  11.04223216
 0.206352980334  11.04223216
 0.219654546619  10.89620225
 0.232956112904  10.55336417
 0.246257679189  10.13635625
 0.259559245474  9.6978945
 0.27286081176  9.27310574
 0.286162378045  8.90382762
 0.29946394433  8.65535308
 0.312765510615  8.57687358
 0.3260670769  8.6202224
 0.33936863813  8.71231228
 0.352670204415  8.7960425
 0.3659717707  8.80800762
 0.379273336985  8.69090587
 0.39257490327  8.46226047
 0.405876469555  8.19737642
 0.41917803584  7.95428328
 0.432479602125  7.7643176
 0.44578116841  7.6444189
 0.459082734695  7.60343697
 0.459082734695  7.60343697
 0.474442060446  7.65800568
 0.489801386197  7.81733738
 0.505160711947  8.07061651
 0.520520037698  8.40379201
 0.535879363448  8.80267713
 0.551238689199  9.25445827
 0.56659801495  9.74806346
 0.5819573407  10.2728304
 0.597316666451  10.81846162
 0.612675986365  11.37412342
 0.628035312115  11.9218334
 0.643394637866  12.44082356
 0.658753963617  12.90010759
 0.674113289367  12.90645179
 0.689472615118  12.48271889
 0.704831940868  11.98585023
 0.720191266619  11.48580389
 0.73555059237  11.84391398
 0.75090991812  12.33352473
 0.75090991812  12.33352473
 0.758589578077  12.36732131
 0.766269243871  12.430757
 0.773948903828  12.47568403
 0.781628569622  12.50762651
 0.789308229579  12.53238739
 0.796987895372  12.55188186
 0.804667555329  12.57413002
 0.812347221123  12.59641899
 0.82002688108  12.61569594
 0.827706546873  12.64151396
 0.83538620683  12.66542322
 0.843065872624  12.68882756
 0.850745532581  12.70915667
 0.858425198375  12.72964656
 0.866104858332  12.74775251
 0.873784524125  12.76263585
 0.881464184082  12.76615042
 0.889143849876  12.77287666
 0.896823509833  12.77515233
 0.896823509833  12.77515233
 0.902253853593  12.66479984
 0.907684189098  12.57065261
 0.913114532858  12.50098964
 0.918544876618  12.46510201
 0.923975220378  12.47530059
 0.929405555884  12.51678885
 0.934835899644  12.59148087
 0.940266243404  12.69709052
 0.945696587164  12.82506431
 0.951126922669  12.96990566
 0.956557266429  13.12738557
 0.961987610189  13.29471756
 0.967417953949  13.46855156
 0.972848289455  13.64719558
 0.978278633215  13.83138998
 0.983708976974  14.01253132
 0.989139320734  14.18849574
 0.99456965624  14.34577786
 1.0  14.42967025
 1.0  14.73502024
 0.99456965624  14.79556278
 0.989139320734  14.90097701
 0.983708976974  14.99146674
 0.978278633215  14.86370531
 0.972848289455  14.72851655
 0.967417953949  14.58753861
 0.961987610189  14.44407893
 0.956557266429  14.29911996
 0.951126922669  14.15343622
 0.945696587164  14.00769103
 0.940266243404  13.86242225
 0.934835899644  13.71817007
 0.929405555884  13.57556317
 0.923975220378  13.42911696
 0.918544876618  13.28672182
 0.913114532858  13.15111656
 0.907684189098  13.02043418
 0.902253853593  12.89472837
 0.896823509833  12.77517362
 0.896823509833  12.77517362
 0.889143849876  12.77289785
 0.881464184082  12.76617132
 0.873784524125  12.76265386
 0.866104858332  12.74776997
 0.858425198375  12.72966256
 0.850745532581  12.70917169
 0.843065872624  12.68884142
 0.83538620683  12.66543584
 0.827706546873  12.64152535
 0.82002688108  12.61570674
 0.812347221123  12.5964295
 0.804667555329  12.57413895
 0.796987895372  12.55189198
 0.789308229579  12.53239928
 0.781628569622  12.50764386
 0.773948903828  12.47570924
 0.766269243871  12.43079143
 0.758589578077  12.36734871
 0.75090991812  12.33352539
 0.75090991812  12.33352539
 0.73555059237  12.323085
 0.720191266619  11.85703097
 0.704831940868  11.98585526
 0.689472615118  12.48272387
 0.674113289367  12.90646136
 0.658753963617  13.23687876
 0.643394637866  13.32146153
 0.628035312115  13.18371766
 0.612675986365  12.91342435
 0.597316666451  12.59144892
 0.5819573407  12.27315963
 0.56659801495  11.97533613
 0.551238689199  11.70864632
 0.535879363448  11.48244362
 0.520520037698  11.29217598
 0.505160711947  11.1434442
 0.489801386197  11.0367372
 0.474442060446  10.97261006
 0.459082734695  10.94856407
 0.459082734695  10.94856407
 0.44578116841  10.9119485
 0.432479602125  10.80405902
 0.41917803584  10.65200899
 0.405876469555  10.48872226
 0.39257490327  10.35713632
 0.379273336985  10.32086853
 0.3659717707  10.45922574
 0.352670204415  10.7914877
 0.33936863813  11.26532797
 0.3260670769  11.80905628
 0.312765510615  12.38664023
 0.29946394433  12.95540026
 0.286162378045  13.44650086
 0.27286081176  13.68673465
 0.259559245474  13.09467408
 0.246257679189  12.49978433
 0.232956112904  11.91935823
 0.219654546619  11.38981731
 0.206352980334  11.07388927
 0.206352980334  11.07388927
 0.195492301069  11.11901881
 0.184631613549  11.212281
 0.173770934283  11.30883453
 0.162910246764  11.39950772
 0.152049567498  11.48838218
 0.141188879978  11.58373743
 0.130328200712  11.68762669
 0.119467513193  11.82704689
 0.108606833927  12.00733327
 0.0977461464073  12.24410177
 0.0868854671417  12.54957036
 0.0760247796219  12.91712616
 0.0651641003562  13.33491294
 0.0543034128365  13.76300761
 0.0434427335708  14.10205581
 0.0325820460511  13.99114009
 0.0217213667854  13.57214481
 0.0108606792656  13.14027272
 0.0  12.77517362
 0.0  16.18657023
 0.0108606792656  15.84061418
 0.0217213667854  15.44294608
 0.0325820460511  15.06190852
 0.0434427335708  15.00312599
 0.0543034128365  15.41093352
 0.0651641003562  15.89046877
 0.0760247796219  16.03240309
 0.0868854671417  15.77386711
 0.0977461464073  15.44205329
 0.108606833927  15.094204
 0.119467513193  14.60999936
 0.130328200712  14.10347003
 0.141188879978  13.60846024
 0.152049567498  13.11586531
 0.162910246764  12.63023431
 0.173770934283  12.1554495
 0.184631613549  11.70115874
 0.195492301069  11.28505897
 0.206352980334  11.07388927
 0.206352980334  11.07388927
 0.219654546619  11.38981732
 0.232956112904  11.91935823
 0.246257679189  12.49978433
 0.259559245474  13.09467408
 0.27286081176  13.68673465
 0.286162378045  14.25386676
 0.29946394433  14.68996306
 0.312765510615  14.83530762
 0.3260670769  14.61112599
 0.33936863813  14.18433342
 0.352670204415  13.69280989
 0.3659717707  13.18880638
 0.379273336985  12.7050929
 0.39257490327  12.24742057
 0.405876469555  11.83284429
 0.41917803584  11.47624277
 0.432479602125  11.19619716
 0.44578116841  11.01457105
 0.459082734695  10.94857165
 0.459082734695  10.94857165
 0.474442060446  10.97261402
 0.489801386197  11.03674119
 0.505160711947  11.14344825
 0.520520037698  11.2921801
 0.535879363448  11.48244789
 0.551238689199  11.70865064
 0.56659801495  11.97534069
 0.5819573407  12.27316455
 0.597316666451  12.59145436
 0.612675986365  12.9134306
 0.628035312115  13.18372505
 0.643394637866  13.32147034
 0.658753963617  13.23688866
 0.674113289367  13.25564623
 0.689472615118  13.46386793
 0.704831940868  13.49671006
 0.720191266619  13.3640967
 0.73555059237  12.84839541
 0.75090991812  12.74386421
 0.75090991812  12.74386421
 0.758589578077  12.78345549
 0.766269243871  12.91611246
 0.773948903828  13.14299474
 0.781628569622  13.43282607
 0.789308229579  13.75758845
 0.796987895372  14.10059059
 0.804667555329  14.45512507
 0.812347221123  14.81145955
 0.82002688108  15.16662673
 0.827706546873  15.51777221
 0.83538620683  15.84795456
 0.843065872624  16.12330066
 0.850745532581  16.27732946
 0.858425198375  16.30901083
 0.866104858332  16.28490153
 0.873784524125  16.24787947
 0.881464184082  16.21475915
 0.889143849876  16.19379998
 0.896823509833  16.18657023
 0.896823509833  16.18657023
 0.902253853593  16.07718933
 0.907684189098  15.97059627
 0.913114532858  15.86859174
 0.918544876618  15.77281376
 0.923975220378  15.68477615
 0.929405555884  15.60116626
 0.934835899644  15.52253464
 0.940266243404  15.45161965
 0.945696587164  15.38653493
 0.951126922669  15.32534447
 0.956557266429  15.27023566
 0.961987610189  15.21945266
 0.967417953949  15.16946561
 0.972848289455  15.11824175
 0.978278633215  15.06157938
 0.983708976974  14.99446734
 0.989139320734  15.11461157
 0.99456965624  15.21264012
 1.0  15.26153296
 1.0  15.46612639
 0.99456965624  15.48379033
 0.989139320734  15.55302277
 0.983708976974  15.66754728
 0.978278633215  15.81959534
 0.972848289455  15.9634017
 0.967417953949  16.04577216
 0.961987610189  16.12558703
 0.956557266429  16.2029774
 0.951126922669  16.27743149
 0.945696587164  16.34749957
 0.940266243404  16.41037056
 0.934835899644  16.46186618
 0.929405555884  16.4966364
 0.923975220378  16.50857148
 0.918544876618  16.49026908
 0.913114532858  16.44723301
 0.907684189098  16.37906731
 0.902253853593  16.29046434
 0.896823509833  16.18659684
 0.896823509833  16.18659684
 0.889143849876  16.19382661
 0.881464184082  16.2147858
 0.873784524125  16.24790559
 0.866104858332  16.2849277
 0.858425198375  16.30903345
 0.850745532581  16.27733659
 0.843065872624  16.12333068
 0.83538620683  15.84801519
 0.827706546873  15.51784613
 0.82002688108  15.16670427
 0.812347221123  14.81153708
 0.804667555329  14.4551948
 0.796987895372  14.10065572
 0.789308229579  13.75764601
 0.781628569622  13.43287409
 0.773948903828  13.1430292
 0.766269243871  12.91613195
 0.758589578077  12.78347102
 0.75090991812  12.74388008
 0.75090991812  12.74388008
 0.73555059237  13.10055575
 0.720191266619  13.38822962
 0.704831940868  13.95267069
 0.689472615118  14.54264135
 0.674113289367  15.15328784
 0.658753963617  15.02748132
 0.643394637866  14.52790148
 0.628035312115  14.06936241
 0.612675986365  13.65002275
 0.597316666451  13.26575521
 0.5819573407  12.91528292
 0.56659801495  12.59235884
 0.551238689199  12.28362833
 0.535879363448  11.99825209
 0.520520037698  11.72158301
 0.505160711947  11.4547589
 0.489801386197  11.20892438
 0.474442060446  11.02287668
 0.459082734695  10.94857165
 0.459082734695  10.94857165
 0.44578116841  11.01457105
 0.432479602125  11.19619716
 0.41917803584  11.47624277
 0.405876469555  11.83284429
 0.39257490327  12.24742058
 0.379273336985  12.7050929
 0.3659717707  13.18880639
 0.352670204415  13.69280989
 0.33936863813  14.18433342
 0.3260670769  14.61112599
 0.312765510615  14.83530762
 0.29946394433  14.68996307
 0.286162378045  14.25386677
 0.27286081176  13.73992289
 0.259559245474  13.73321342
 0.246257679189  13.49084824
 0.232956112904  13.15149475
 0.219654546619  12.84095558
 0.206352980334  12.70308018
 0.206352980334  12.70308018
 0.195492301069  12.75330361
 0.184631613549  12.89726711
 0.173770934283  13.11745408
 0.162910246764  13.39331181
 0.152049567498  13.70562126
 0.141188879978  14.04071033
 0.130328200712  14.38598263
 0.119467513193  14.74032683
 0.108606833927  15.10795727
 0.0977461464073  15.59977909
 0.0868854671417  16.08148821
 0.0760247796219  16.53305147
 0.0651641003562  16.65780587
 0.0543034128365  16.90430092
 0.0434427335708  17.00546583
 0.0325820460511  16.86425895
 0.0217213667854  16.68519169
 0.0108606792656  16.46317569
 0.0  16.18659684
 0.0  18.27442359
 0.0108606792656  17.95919453
 0.0217213667854  17.70135167
 0.0325820460511  17.45781058
 0.0434427335708  17.18773106
 0.0543034128365  17.06269618
 0.0651641003562  16.90642488
 0.0760247796219  16.74131691
 0.0868854671417  17.19294845
 0.0977461464073  17.65707738
 0.108606833927  18.07389509
 0.119467513193  18.42335428
 0.130328200712  18.69149115
 0.141188879978  18.84139345
 0.152049567498  18.96880717
 0.162910246764  19.06321365
 0.173770934283  19.12810955
 0.184631613549  19.1718217
 0.195492301069  19.19576543
 0.206352980334  19.20337335
 0.206352980334  19.20337335
 0.219654546619  18.60179215
 0.232956112904  17.851517
 0.246257679189  17.18984159
 0.259559245474  16.66691502
 0.27286081176  16.42035419
 0.286162378045  16.52251352
 0.29946394433  16.83583883
 0.312765510615  17.04558866
 0.3260670769  17.36131196
 0.33936863813  17.8622667
 0.352670204415  17.73441528
 0.3659717707  17.35124116
 0.379273336985  16.88574195
 0.39257490327  16.41895963
 0.405876469555  15.98547662
 0.41917803584  15.60937513
 0.432479602125  15.31342547
 0.44578116841  15.12165722
 0.459082734695  15.05466821
 0.459082734695  15.05466821
 0.474442060446  15.14467328
 0.489801386197  15.40989551
 0.505160711947  15.837512
 0.520520037698  16.4053371
 0.535879363448  17.08573595
 0.551238689199  17.84882729
 0.56659801495  18.67055311
 0.5819573407  18.10712251
 0.597316666451  17.45925558
 0.612675986365  16.87577916
 0.628035312115  16.39910927
 0.643394637866  16.11780742
 0.658753963617  15.79466137
 0.674113289367  15.56859233
 0.689472615118  16.14990149
 0.704831940868  16.7586736
 0.720191266619  17.40641466
 0.73555059237  18.06464699
 0.75090991812  18.65838202
 0.75090991812  18.65838202
 0.758589578077  18.60443449
 0.766269243871  18.46893773
 0.773948903828  18.29215778
 0.781628569622  18.10143303
 0.789308229579  17.90822783
 0.796987895372  17.71829065
 0.804667555329  17.5379827
 0.812347221123  17.366779
 0.82002688108  17.21186912
 0.827706546873  17.08057015
 0.83538620683  16.98398554
 0.843065872624  16.95548998
 0.850745532581  17.06337428
 0.858425198375  17.30141204
 0.866104858332  17.61389264
 0.873784524125  17.92067522
 0.881464184082  18.16529739
 0.889143849876  18.26002829
 0.896823509833  18.27442359
 0.896823509833  18.27442359
 0.902253853593  18.15170848
 0.907684189098  18.04078842
 0.913114532858  17.94877161
 0.918544876618  17.87686657
 0.923975220378  17.82207667
 0.929405555884  17.70118923
 0.934835899644  17.4732338
 0.940266243404  17.25564989
 0.945696587164  17.03749127
 0.951126922669  16.81816231
 0.956557266429  16.60323101
 0.961987610189  16.39352089
 0.967417953949  16.18927909
 0.972848289455  15.99540415
 0.978278633215  15.87402116
 0.983708976974  15.78611569
 0.989139320734  15.69820352
 0.99456965624  15.62024133
 1.0  15.58471225
 1.0  16.86228861
 0.99456965624  16.86353099
 0.989139320734  16.89346021
 0.983708976974  16.94186245
 0.978278633215  17.00667579
 0.972848289455  17.08625765
 0.967417953949  17.17559724
 0.961987610189  17.27197437
 0.956557266429  17.37166285
 0.951126922669  17.47060347
 0.945696587164  17.56581145
 0.940266243404  17.64895433
 0.934835899644  17.71814276
 0.929405555884  17.77453238
 0.923975220378  17.9116057
 0.918544876618  18.10688232
 0.913114532858  18.29876771
 0.907684189098  18.47231311
 0.902253853593  18.40351543
 0.896823509833  18.27444434
 0.896823509833  18.27444434
 0.889143849876  18.26003888
 0.881464184082  18.16534516
 0.873784524125  17.92076872
 0.866104858332  17.61400023
 0.858425198375  17.30154789
 0.850745532581  17.06349648
 0.843065872624  16.95558502
 0.83538620683  16.9840497
 0.827706546873  17.08062013
 0.82002688108  17.21191333
 0.812347221123  17.36682092
 0.804667555329  17.53801446
 0.796987895372  17.71832274
 0.789308229579  17.90826208
 0.781628569622  18.10146943
 0.773948903828  18.29219738
 0.766269243871  18.46898039
 0.758589578077  18.60448246
 0.75090991812  18.65843289
 0.75090991812  18.65843289
 0.73555059237  18.87640087
 0.720191266619  18.15813855
 0.704831940868  17.48651075
 0.689472615118  16.89199645
 0.674113289367  16.41220771
 0.658753963617  16.12448596
 0.643394637866  16.1178124
 0.628035312115  16.3991157
 0.612675986365  16.87578685
 0.597316666451  17.45926376
 0.5819573407  18.10713143
 0.56659801495  18.79351166
 0.551238689199  19.50541367
 0.535879363448  20.0
 0.520520037698  20.0
 0.505160711947  20.0
 0.489801386197  20.0
 0.474442060446  20.0
 0.459082734695  20.0
 0.459082734695  20.0
 0.44578116841  20.0
 0.432479602125  20.0
 0.41917803584  20.0
 0.405876469555  20.0
 0.39257490327  20.0
 0.379273336985  20.0
 0.3659717707  19.28327871
 0.352670204415  18.5795934
 0.33936863813  17.91667214
 0.3260670769  17.36131196
 0.312765510615  17.04558866
 0.29946394433  17.13618284
 0.286162378045  17.56321083
 0.27286081176  18.13635881
 0.259559245474  18.77995941
 0.246257679189  19.45909377
 0.232956112904  20.0
 0.219654546619  20.0
 0.206352980334  19.68746808
 0.206352980334  19.68746808
 0.195492301069  19.67293942
 0.184631613549  19.62626278
 0.173770934283  19.53809785
 0.162910246764  19.40274823
 0.152049567498  19.21938665
 0.141188879978  18.99176052
 0.130328200712  18.72184709
 0.119467513193  18.52341209
 0.108606833927  18.33871918
 0.0977461464073  18.15393385
 0.0868854671417  17.97605236
 0.0760247796219  17.8248019
 0.0651641003562  17.73739858
 0.0543034128365  17.84177575
 0.0434427335708  18.08078471
 0.0325820460511  18.13662179
 0.0217213667854  18.27175421
 0.0108606792656  18.48135092
 0.0  18.27444434
 0.0  18.73787204
 0.0108606792656  18.62418556
 0.0217213667854  18.74311506
 0.0325820460511  18.49405426
 0.0434427335708  18.1509483
 0.0543034128365  18.13121435
 0.0651641003562  18.25855012
 0.0760247796219  18.45005728
 0.0868854671417  18.71430498
 0.0977461464073  19.05976908
 0.108606833927  19.49321486
 0.119467513193  19.97849095
 0.130328200712  20.0
 0.141188879978  20.0
 0.152049567498  20.0
 0.162910246764  20.0
 0.173770934283  20.0
 0.184631613549  20.0
 0.195492301069  20.0
 0.206352980334  20.0
 0.206352980334  20.0
 0.219654546619  20.0
 0.232956112904  20.0
 0.246257679189  19.45909377
 0.259559245474  18.77995942
 0.27286081176  18.13635882
 0.286162378045  17.56321084
 0.29946394433  17.13618285
 0.312765510615  17.2394979
 0.3260670769  17.63192785
 0.33936863813  17.91667215
 0.352670204415  18.57959344
 0.3659717707  19.28327872
 0.379273336985  20.0
 0.39257490327  20.0
 0.405876469555  20.0
 0.41917803584  20.0
 0.432479602125  20.0
 0.44578116841  20.0
 0.459082734695  20.0
 0.459082734695  20.0
 0.474442060446  20.0
 0.489801386197  20.0
 0.505160711947  20.0
 0.520520037698  20.0
 0.535879363448  20.0
 0.551238689199  19.50542377
 0.56659801495  18.79352122
 0.5819573407  19.27822238
 0.597316666451  18.54580882
 0.612675986365  17.82911428
 0.628035312115  17.13057966
 0.643394637866  16.45196932
 0.658753963617  16.12448994
 0.674113289367  16.41221156
 0.689472615118  16.89199991
 0.704831940868  17.48651404
 0.720191266619  18.15814162
 0.73555059237  18.87640406
 0.75090991812  19.45136534
 0.75090991812  19.45136534
 0.758589578077  19.45272575
 0.766269243871  19.43533048
 0.773948903828  19.38186279
 0.781628569622  19.30519699
 0.789308229579  19.21468086
 0.796987895372  19.11788404
 0.804667555329  19.02006789
 0.812347221123  18.92034923
 0.82002688108  18.82883823
 0.827706546873  18.7453264
 0.83538620683  18.66711581
 0.843065872624  18.5971088
 0.850745532581  18.53592368
 0.858425198375  18.48561352
 0.866104858332  18.45120579
 0.873784524125  18.43608589
 0.881464184082  18.47795569
 0.889143849876  18.63604188
 0.896823509833  18.73787204
 0.896823509833  18.73787204
 0.902253853593  18.62357982
 0.907684189098  18.54592856
 0.913114532858  18.69277824
 0.918544876618  18.664227
 0.923975220378  18.61450355
 0.929405555884  18.58649816
 0.934835899644  18.58633864
 0.940266243404  18.62884206
 0.945696587164  18.70393967
 0.951126922669  18.80246801
 0.956557266429  18.91990865
 0.961987610189  19.04788224
 0.967417953949  19.18082691
 0.972848289455  19.31353153
 0.978278633215  19.44158499
 0.983708976974  19.46368157
 0.989139320734  19.46521168
 0.99456965624  19.46613042
 1.0  19.47530819
 1.0  19.74106705
 0.99456965624  19.71084873
 0.989139320734  19.64882114
 0.983708976974  19.55575812
 0.978278633215  19.46144937
 0.972848289455  19.45947985
 0.967417953949  19.45528818
 0.961987610189  19.4495295
 0.956557266429  19.44065313
 0.951126922669  19.42806594
 0.945696587164  19.40860449
 0.940266243404  19.36544421
 0.934835899644  19.28096883
 0.929405555884  19.15317485
 0.923975220378  19.00405853
 0.918544876618  18.84668733
 0.913114532858  18.72424262
 0.907684189098  18.77557534
 0.902253853593  18.79171605
 0.896823509833  18.7379721
 0.896823509833  18.7379721
 0.889143849876  18.63615334
 0.881464184082  18.47803302
 0.873784524125  18.43612231
 0.866104858332  18.45123633
 0.858425198375  18.48564149
 0.850745532581  18.53595065
 0.843065872624  18.59713516
 0.83538620683  18.66714145
 0.827706546873  18.74535124
 0.82002688108  18.82886338
 0.812347221123  18.9203729
 0.804667555329  19.02008533
 0.796987895372  19.11789986
 0.789308229579  19.21469456
 0.781628569622  19.30520844
 0.773948903828  19.38187173
 0.766269243871  19.43534013
 0.758589578077  19.45273227
 0.75090991812  19.45136801
 0.75090991812  19.45136801
 0.73555059237  19.02490821
 0.720191266619  18.98171459
 0.704831940868  18.75858175
 0.689472615118  18.62180452
 0.674113289367  18.63479165
 0.658753963617  18.81482841
 0.643394637866  19.09744957
 0.628035312115  19.47791476
 0.612675986365  19.91420249
 0.597316666451  20.0
 0.5819573407  19.51360177
 0.56659801495  20.0
 0.551238689199  20.0
 0.535879363448  20.0
 0.520520037698  20.0
 0.505160711947  20.0
 0.489801386197  20.0
 0.474442060446  20.0
 0.459082734695  20.0
 0.459082734695  20.0
 0.44578116841  20.0
 0.432479602125  20.0
 0.41917803584  20.0
 0.405876469555  20.0
 0.39257490327  20.0
 0.379273336985  20.0
 0.3659717707  20.0
 0.352670204415  19.68958891
 0.33936863813  19.62988235
 0.3260670769  19.95915139
 0.312765510615  20.0
 0.29946394433  20.0
 0.286162378045  20.0
 0.27286081176  20.0
 0.259559245474  20.0
 0.246257679189  20.0
 0.232956112904  20.0
 0.219654546619  20.0
 0.206352980334  20.0
 0.206352980334  20.0
 0.195492301069  20.0
 0.184631613549  20.0
 0.173770934283  20.0
 0.162910246764  20.0
 0.152049567498  20.0
 0.141188879978  20.0
 0.130328200712  20.0
 0.119467513193  20.0
 0.108606833927  20.0
 0.0977461464073  20.0
 0.0868854671417  20.0
 0.0760247796219  20.0
 0.0651641003562  20.0
 0.0543034128365  20.0
 0.0434427335708  19.83795701
 0.0325820460511  19.57376166
 0.0217213667854  19.31016976
 0.0108606792656  19.01738834
 0.0  18.7379721
 0.0  19.66935161
 0.0108606792656  19.44233344
 0.0217213667854  19.49645461
 0.0325820460511  19.96308869
 0.0434427335708  20.0
 0.0543034128365  20.0
 0.0651641003562  20.0
 0.0760247796219  20.0
 0.0868854671417  20.0
 0.0977461464073  20.0
 0.108606833927  20.0
 0.119467513193  20.0
 0.130328200712  20.0
 0.141188879978  20.0
 0.152049567498  20.0
 0.162910246764  20.0
 0.173770934283  20.0
 0.184631613549  20.0
 0.195492301069  20.0
 0.206352980334  20.0
 0.206352980334  20.0
 0.219654546619  20.0
 0.232956112904  20.0
 0.246257679189  20.0
 0.259559245474  20.0
 0.27286081176  20.0
 0.286162378045  20.0
 0.29946394433  20.0
 0.312765510615  20.0
 0.3260670769  20.0
 0.33936863813  20.0
 0.352670204415  20.0
 0.3659717707  20.0
 0.379273336985  20.0
 0.39257490327  20.0
 0.405876469555  20.0
 0.41917803584  20.0
 0.432479602125  20.0
 0.44578116841  20.0
 0.459082734695  20.0
 0.459082734695  20.0
 0.474442060446  20.0
 0.489801386197  20.0
 0.505160711947  20.0
 0.520520037698  20.0
 0.535879363448  20.0
 0.551238689199  20.0
 0.56659801495  20.0
 0.5819573407  20.0
 0.597316666451  20.0
 0.612675986365  20.0
 0.628035312115  20.0
 0.643394637866  20.0
 0.658753963617  20.0
 0.674113289367  20.0
 0.689472615118  20.0
 0.704831940868  20.0
 0.720191266619  20.0
 0.73555059237  20.0
 0.75090991812  19.9411691
 0.75090991812  19.9411691
 0.758589578077  19.98245546
 0.766269243871  20.0
 0.773948903828  20.0
 0.781628569622  20.0
 0.789308229579  20.0
 0.796987895372  20.0
 0.804667555329  20.0
 0.812347221123  20.0
 0.82002688108  20.0
 0.827706546873  20.0
 0.83538620683  20.0
 0.843065872624  20.0
 0.850745532581  20.0
 0.858425198375  20.0
 0.866104858332  20.0
 0.873784524125  20.0
 0.881464184082  20.0
 0.889143849876  19.78723615
 0.896823509833  19.66935161
 0.896823509833  19.66935161
 0.902253853593  19.59634202
 0.907684189098  19.55129401
 0.913114532858  19.52769366
 0.918544876618  19.52181223
 0.923975220378  19.52679909
 0.929405555884  19.54917651
 0.934835899644  19.59693804
 0.940266243404  19.69489496
 0.945696587164  19.83826018
 0.951126922669  20.0
 0.956557266429  20.0
 0.961987610189  20.0
 0.967417953949  20.0
 0.972848289455  20.0
 0.978278633215  20.0
 0.983708976974  20.0
 0.989139320734  20.0
 0.99456965624  20.0
 1.0  20.0
 1.0  20.0
 0.99456965624  20.0
 0.989139320734  20.0
 0.983708976974  20.0
 0.978278633215  20.0
 0.972848289455  20.0
 0.967417953949  20.0
 0.961987610189  20.0
 0.956557266429  20.0
 0.951126922669  20.0
 0.945696587164  20.0
 0.940266243404  20.0
 0.934835899644  20.0
 0.929405555884  20.0
 0.923975220378  20.0
 0.918544876618  20.0
 0.913114532858  20.0
 0.907684189098  20.0
 0.902253853593  19.80751303
 0.896823509833  19.66937672
 0.896823509833  19.66937672
 0.889143849876  19.78732972
 0.881464184082  20.0
 0.873784524125  20.0
 0.866104858332  20.0
 0.858425198375  20.0
 0.850745532581  20.0
 0.843065872624  20.0
 0.83538620683  20.0
 0.827706546873  20.0
 0.82002688108  20.0
 0.812347221123  20.0
 0.804667555329  20.0
 0.796987895372  20.0
 0.789308229579  20.0
 0.781628569622  20.0
 0.773948903828  20.0
 0.766269243871  20.0
 0.758589578077  19.9824707
 0.75090991812  19.9411743
 0.75090991812  19.9411743
 0.73555059237  20.0
 0.720191266619  20.0
 0.704831940868  20.0
 0.689472615118  20.0
 0.674113289367  20.0
 0.658753963617  20.0
 0.643394637866  20.0
 0.628035312115  20.0
 0.612675986365  20.0
 0.597316666451  20.0
 0.5819573407  20.0
 0.56659801495  20.0
 0.551238689199  20.0
 0.535879363448  20.0
 0.520520037698  20.0
 0.505160711947  20.0
 0.489801386197  20.0
 0.474442060446  20.0
 0.459082734695  20.0
 0.459082734695  20.0
 0.44578116841  20.0
 0.432479602125  20.0
 0.41917803584  20.0
 0.405876469555  20.0
 0.39257490327  20.0
 0.379273336985  20.0
 0.3659717707  20.0
 0.352670204415  20.0
 0.33936863813  20.0
 0.3260670769  20.0
 0.312765510615  20.0
 0.29946394433  20.0
 0.286162378045  20.0
 0.27286081176  20.0
 0.259559245474  20.0
 0.246257679189  20.0
 0.232956112904  20.0
 0.219654546619  20.0
 0.206352980334  20.0
 0.206352980334  20.0
 0.195492301069  20.0
 0.184631613549  20.0
 0.173770934283  20.0
 0.162910246764  20.0
 0.152049567498  20.0
 0.141188879978  20.0
 0.130328200712  20.0
 0.119467513193  20.0
 0.108606833927  20.0
 0.0977461464073  20.0
 0.0868854671417  20.0
 0.0760247796219  20.0
 0.0651641003562  20.0
 0.0543034128365  20.0
 0.0434427335708  20.0
 0.0325820460511  20.0
 0.0217213667854  20.0
 0.0108606792656  19.9150688
 0.0  19.66937672
 0.0  20.0
 0.0108606792656  20.0
 0.0217213667854  20.0
 0.0325820460511  20.0
 0.0434427335708  20.0
 0.0543034128365  20.0
 0.0651641003562  20.0
 0.0760247796219  20.0
 0.0868854671417  20.0
 0.0977461464073  20.0
 0.108606833927  20.0
 0.119467513193  20.0
 0.130328200712  20.0
 0.141188879978  20.0
 0.152049567498  20.0
 0.162910246764  20.0
 0.173770934283  20.0
 0.184631613549  20.0
 0.195492301069  20.0
 0.206352980334  20.0
 0.206352980334  20.0
 0.219654546619  20.0
 0.232956112904  20.0
 0.246257679189  20.0
 0.259559245474  20.0
 0.27286081176  20.0
 0.286162378045  20.0
 0.29946394433  20.0
 0.312765510615  20.0
 0.3260670769  20.0
 0.33936863813  20.0
 0.352670204415  20.0
 0.3659717707  20.0
 0.379273336985  20.0
 0.39257490327  20.0
 0.405876469555  20.0
 0.41917803584  20.0
 0.432479602125  20.0
 0.44578116841  20.0
 0.459082734695  20.0
 0.459082734695  20.0
 0.474442060446  20.0
 0.489801386197  20.0
 0.505160711947  20.0
 0.520520037698  20.0
 0.535879363448  20.0
 0.551238689199  20.0
 0.56659801495  20.0
 0.5819573407  20.0
 0.597316666451  20.0
 0.612675986365  20.0
 0.628035312115  20.0
 0.643394637866  20.0
 0.658753963617  20.0
 0.674113289367  20.0
 0.689472615118  20.0
 0.704831940868  20.0
 0.720191266619  20.0
 0.73555059237  20.0
 0.75090991812  20.0
 0.75090991812  20.0
 0.758589578077  20.0
 0.766269243871  20.0
 0.773948903828  20.0
 0.781628569622  20.0
 0.789308229579  20.0
 0.796987895372  20.0
 0.804667555329  20.0
 0.812347221123  20.0
 0.82002688108  20.0
 0.827706546873  20.0
 0.83538620683  20.0
 0.843065872624  20.0
 0.850745532581  20.0
 0.858425198375  20.0
 0.866104858332  20.0
 0.873784524125  20.0
 0.881464184082  20.0
 0.889143849876  20.0
 0.896823509833  20.0
 0.896823509833  20.0
 0.902253853593  20.0
 0.907684189098  20.0
 0.913114532858  20.0
 0.918544876618  20.0
 0.923975220378  20.0
 0.929405555884  20.0
 0.934835899644  20.0
 0.940266243404  20.0
 0.945696587164  20.0
 0.951126922669  20.0
 0.956557266429  20.0
 0.961987610189  20.0
 0.967417953949  20.0
 0.972848289455  20.0
 0.978278633215  20.0
 0.983708976974  20.0
 0.989139320734  20.0
 0.99456965624  20.0
 1.0  20.0
 1.0  20.0
 0.99456965624  20.0
 0.989139320734  20.0
 0.983708976974  20.0
 0.978278633215  20.0
 0.972848289455  20.0
 0.967417953949  20.0
 0.961987610189  20.0
 0.956557266429  20.0
 0.951126922669  20.0
 0.945696587164  20.0
 0.940266243404  20.0
 0.934835899644  20.0
 0.929405555884  20.0
 0.923975220378  20.0
 0.918544876618  20.0
 0.913114532858  20.0
 0.907684189098  20.0
 0.902253853593  20.0
 0.896823509833  20.0
 0.896823509833  20.0
 0.889143849876  20.0
 0.881464184082  20.0
 0.873784524125  20.0
 0.866104858332  20.0
 0.858425198375  20.0
 0.850745532581  20.0
 0.843065872624  20.0
 0.83538620683  20.0
 0.827706546873  20.0
 0.82002688108  20.0
 0.812347221123  20.0
 0.804667555329  20.0
 0.796987895372  20.0
 0.789308229579  20.0
 0.781628569622  20.0
 0.773948903828  20.0
 0.766269243871  20.0
 0.758589578077  20.0
 0.75090991812  20.0
 0.75090991812  20.0
 0.73555059237  20.0
 0.720191266619  20.0
 0.704831940868  20.0
 0.689472615118  20.0
 0.674113289367  20.0
 0.658753963617  20.0
 0.643394637866  20.0
 0.628035312115  20.0
 0.612675986365  20.0
 0.597316666451  20.0
 0.5819573407  20.0
 0.56659801495  20.0
 0.551238689199  20.0
 0.535879363448  20.0
 0.520520037698  20.0
 0.505160711947  20.0
 0.489801386197  20.0
 0.474442060446  20.0
 0.459082734695  20.0
 0.459082734695  20.0
 0.44578116841  20.0
 0.432479602125  20.0
 0.41917803584  20.0
 0.405876469555  20.0
 0.39257490327  20.0
 0.379273336985  20.0
 0.3659717707  20.0
 0.352670204415  20.0
 0.33936863813  20.0
 0.3260670769  20.0
 0.312765510615  20.0
 0.29946394433  20.0
 0.286162378045  20.0
 0.27286081176  20.0
 0.259559245474  20.0
 0.246257679189  20.0
 0.232956112904  20.0
 0.219654546619  20.0
 0.206352980334  20.0
 0.206352980334  20.0
 0.195492301069  20.0
 0.184631613549  20.0
 0.173770934283  20.0
 0.162910246764  20.0
 0.152049567498  20.0
 0.141188879978  20.0
 0.130328200712  20.0
 0.119467513193  20.0
 0.108606833927  20.0
 0.0977461464073  20.0
 0.0868854671417  20.0
 0.0760247796219  20.0
 0.0651641003562  20.0
 0.0543034128365  20.0
 0.0434427335708  20.0
 0.0325820460511  20.0
 0.0217213667854  20.0
 0.0108606792656  20.0
 0.0  20.0
 0.0  20.0
 0.0108606792656  20.0
 0.0217213667854  20.0
 0.0325820460511  20.0
 0.0434427335708  20.0
 0.0543034128365  20.0
 0.0651641003562  20.0
 0.0760247796219  20.0
 0.0868854671417  20.0
 0.0977461464073  20.0
 0.108606833927  20.0
 0.119467513193  20.0
 0.130328200712  20.0
 0.141188879978  20.0
 0.152049567498  20.0
 0.162910246764  20.0
 0.173770934283  20.0
 0.184631613549  20.0
 0.195492301069  20.0
 0.206352980334  20.0
 0.206352980334  20.0
 0.219654546619  20.0
 0.232956112904  20.0
 0.246257679189  20.0
 0.259559245474  20.0
 0.27286081176  20.0
 0.286162378045  20.0
 0.29946394433  20.0
 0.312765510615  20.0
 0.3260670769  20.0
 0.33936863813  20.0
 0.352670204415  20.0
 0.3659717707  20.0
 0.379273336985  20.0
 0.39257490327  20.0
 0.405876469555  20.0
 0.41917803584  20.0
 0.432479602125  20.0
 0.44578116841  20.0
 0.459082734695  20.0
 0.459082734695  20.0
 0.474442060446  20.0
 0.489801386197  20.0
 0.505160711947  20.0
 0.520520037698  20.0
 0.535879363448  20.0
 0.551238689199  20.0
 0.56659801495  20.0
 0.5819573407  20.0
 0.597316666451  20.0
 0.612675986365  20.0
 0.628035312115  20.0
 0.643394637866  20.0
 0.658753963617  20.0
 0.674113289367  20.0
 0.689472615118  20.0
 0.704831940868  20.0
 0.720191266619  20.0
 0.73555059237  20.0
 0.75090991812  20.0
 0.75090991812  20.0
 0.758589578077  20.0
 0.766269243871  20.0
 0.773948903828  20.0
 0.781628569622  20.0
 0.789308229579  20.0
 0.796987895372  20.0
 0.804667555329  20.0
 0.812347221123  20.0
 0.82002688108  20.0
 0.827706546873  20.0
 0.83538620683  20.0
 0.843065872624  20.0
 0.850745532581  20.0
 0.858425198375  20.0
 0.866104858332  20.0
 0.873784524125  20.0
 0.881464184082  20.0
 0.889143849876  20.0
 0.896823509833  20.0
 0.896823509833  20.0
 0.902253853593  20.0
 0.907684189098  20.0
 0.913114532858  20.0
 0.918544876618  20.0
 0.923975220378  20.0
 0.929405555884  20.0
 0.934835899644  20.0
 0.940266243404  20.0
 0.945696587164  20.0
 0.951126922669  20.0
 0.956557266429  20.0
 0.961987610189  20.0
 0.967417953949  20.0
 0.972848289455  20.0
 0.978278633215  20.0
 0.983708976974  20.0
 0.989139320734  20.0
 0.99456965624  20.0
 1.0  20.0
 1.0  20.0
 0.99456965624  20.0
 0.989139320734  20.0
 0.983708976974  20.0
 0.978278633215  20.0
 0.972848289455  20.0
 0.967417953949  20.0
 0.961987610189  20.0
 0.956557266429  20.0
 0.951126922669  20.0
 0.945696587164  20.0
 0.940266243404  20.0
 0.934835899644  20.0
 0.929405555884  20.0
 0.923975220378  20.0
 0.918544876618  20.0
 0.913114532858  20.0
 0.907684189098  20.0
 0.902253853593  20.0
 0.896823509833  20.0
 0.896823509833  20.0
 0.889143849876  20.0
 0.881464184082  20.0
 0.873784524125  20.0
 0.866104858332  20.0
 0.858425198375  20.0
 0.850745532581  20.0
 0.843065872624  20.0
 0.83538620683  20.0
 0.827706546873  20.0
 0.82002688108  20.0
 0.812347221123  20.0
 0.804667555329  20.0
 0.796987895372  20.0
 0.789308229579  20.0
 0.781628569622  20.0
 0.773948903828  20.0
 0.766269243871  20.0
 0.758589578077  20.0
 0.75090991812  20.0
 0.75090991812  20.0
 0.73555059237  20.0
 0.720191266619  20.0
 0.704831940868  20.0
 0.689472615118  20.0
 0.674113289367  20.0
 0.658753963617  20.0
 0.643394637866  20.0
 0.628035312115  20.0
 0.612675986365  20.0
 0.597316666451  20.0
 0.5819573407  20.0
 0.56659801495  20.0
 0.551238689199  20.0
 0.535879363448  20.0
 0.520520037698  20.0
 0.505160711947  20.0
 0.489801386197  20.0
 0.474442060446  20.0
 0.459082734695  20.0
 0.459082734695  20.0
 0.44578116841  20.0
 0.432479602125  20.0
 0.41917803584  20.0
 0.405876469555  20.0
 0.39257490327  20.0
 0.379273336985  20.0
 0.3659717707  20.0
 0.352670204415  20.0
 0.33936863813  20.0
 0.3260670769  20.0
 0.312765510615  20.0
 0.29946394433  20.0
 0.286162378045  20.0
 0.27286081176  20.0
 0.259559245474  20.0
 0.246257679189  20.0
 0.232956112904  20.0
 0.219654546619  20.0
 0.206352980334  20.0
 0.206352980334  20.0
 0.195492301069  20.0
 0.184631613549  20.0
 0.173770934283  20.0
 0.162910246764  20.0
 0.152049567498  20.0
 0.141188879978  20.0
 0.130328200712  20.0
 0.119467513193  20.0
 0.108606833927  20.0
 0.0977461464073  20.0
 0.0868854671417  20.0
 0.0760247796219  20.0
 0.0651641003562  20.0
 0.0543034128365  20.0
 0.0434427335708  20.0
 0.0325820460511  20.0
 0.0217213667854  20.0
 0.0108606792656  20.0
 0.0  20.0
 0.0  20.0
 0.0108606792656  20.0
 0.0217213667854  20.0
 0.0325820460511  20.0
 0.0434427335708  20.0
 0.0543034128365  20.0
 0.0651641003562  20.0
 0.0760247796219  20.0
 0.0868854671417  20.0
 0.0977461464073  20.0
 0.108606833927  20.0
 0.119467513193  20.0
 0.130328200712  20.0
 0.141188879978  20.0
 0.152049567498  20.0
 0.162910246764  20.0
 0.173770934283  20.0
 0.184631613549  20.0
 0.195492301069  20.0
 0.206352980334  20.0
 0.206352980334  20.0
 0.219654546619  20.0
 0.232956112904  20.0
 0.246257679189  20.0
 0.259559245474  20.0
 0.27286081176  20.0
 0.286162378045  20.0
 0.29946394433  20.0
 0.312765510615  20.0
 0.3260670769  20.0
 0.33936863813  20.0
 0.352670204415  20.0
 0.3659717707  20.0
 0.379273336985  20.0
 0.39257490327  20.0
 0.405876469555  20.0
 0.41917803584  20.0
 0.432479602125  20.0
 0.44578116841  20.0
 0.459082734695  20.0
 0.459082734695  20.0
 0.474442060446  20.0
 0.489801386197  20.0
 0.505160711947  20.0
 0.520520037698  20.0
 0.535879363448  20.0
 0.551238689199  20.0
 0.56659801495  20.0
 0.5819573407  20.0
 0.597316666451  20.0
 0.612675986365  20.0
 0.628035312115  20.0
 0.643394637866  20.0
 0.658753963617  20.0
 0.674113289367  20.0
 0.689472615118  20.0
 0.704831940868  20.0
 0.720191266619  20.0
 0.73555059237  20.0
 0.75090991812  20.0
 0.75090991812  20.0
 0.758589578077  20.0
 0.766269243871  20.0
 0.773948903828  20.0
 0.781628569622  20.0
 0.789308229579  20.0
 0.796987895372  20.0
 0.804667555329  20.0
 0.812347221123  20.0
 0.82002688108  20.0
 0.827706546873  20.0
 0.83538620683  20.0
 0.843065872624  20.0
 0.850745532581  20.0
 0.858425198375  20.0
 0.866104858332  20.0
 0.873784524125  20.0
 0.881464184082  20.0
 0.889143849876  20.0
 0.896823509833  20.0
 0.896823509833  20.0
 0.902253853593  20.0
 0.907684189098  20.0
 0.913114532858  20.0
 0.918544876618  20.0
 0.923975220378  20.0
 0.929405555884  20.0
 0.934835899644  20.0
 0.940266243404  20.0
 0.945696587164  20.0
 0.951126922669  20.0
 0.956557266429  20.0
 0.961987610189  20.0
 0.967417953949  20.0
 0.972848289455  20.0
 0.978278633215  20.0
 0.983708976974  20.0
 0.989139320734  20.0
 0.99456965624  20.0
 1.0  20.0
 1.0  20.0
 0.99456965624  20.0
 0.989139320734  20.0
 0.983708976974  20.0
 0.978278633215  20.0
 0.972848289455  20.0
 0.967417953949  20.0
 0.961987610189  20.0
 0.956557266429  20.0
 0.951126922669  20.0
 0.945696587164  20.0
 0.940266243404  20.0
 0.934835899644  20.0
 0.929405555884  20.0
 0.923975220378  20.0
 0.918544876618  20.0
 0.913114532858  20.0
 0.907684189098  20.0
 0.902253853593  20.0
 0.896823509833  20.0
 0.896823509833  20.0
 0.889143849876  20.0
 0.881464184082  20.0
 0.873784524125  20.0
 0.866104858332  20.0
 0.858425198375  20.0
 0.850745532581  20.0
 0.843065872624  20.0
 0.83538620683  20.0
 0.827706546873  20.0
 0.82002688108  20.0
 0.812347221123  20.0
 0.804667555329  20.0
 0.796987895372  20.0
 0.789308229579  20.0
 0.781628569622  20.0
 0.773948903828  20.0
 0.766269243871  20.0
 0.758589578077  20.0
 0.75090991812  20.0
 0.75090991812  20.0
 0.73555059237  20.0
 0.720191266619  20.0
 0.704831940868  20.0
 0.689472615118  20.0
 0.674113289367  20.0
 0.658753963617  20.0
 0.643394637866  20.0
 0.628035312115  20.0
 0.612675986365  20.0
 0.597316666451  20.0
 0.5819573407  20.0
 0.56659801495  20.0
 0.551238689199  20.0
 0.535879363448  20.0
 0.520520037698  20.0
 0.505160711947  20.0
 0.489801386197  20.0
 0.474442060446  20.0
 0.459082734695  20.0
 0.459082734695  20.0
 0.44578116841  20.0
 0.432479602125  20.0
 0.41917803584  20.0
 0.405876469555  20.0
 0.39257490327  20.0
 0.379273336985  20.0
 0.3659717707  20.0
 0.352670204415  20.0
 0.33936863813  20.0
 0.3260670769  20.0
 0.312765510615  20.0
 0.29946394433  20.0
 0.286162378045  20.0
 0.27286081176  20.0
 0.259559245474  20.0
 0.246257679189  20.0
 0.232956112904  20.0
 0.219654546619  20.0
 0.206352980334  20.0
 0.206352980334  20.0
 0.195492301069  20.0
 0.184631613549  20.0
 0.173770934283  20.0
 0.162910246764  20.0
 0.152049567498  20.0
 0.141188879978  20.0
 0.130328200712  20.0
 0.119467513193  20.0
 0.108606833927  20.0
 0.0977461464073  20.0
 0.0868854671417  20.0
 0.0760247796219  20.0
 0.0651641003562  20.0
 0.0543034128365  20.0
 0.0434427335708  20.0
 0.0325820460511  20.0
 0.0217213667854  20.0
 0.0108606792656  20.0
 0.0  20.0
 0.0  20.0
 0.0108606792656  20.0
 0.0217213667854  20.0
 0.0325820460511  20.0
 0.0434427335708  20.0
 0.0543034128365  20.0
 0.0651641003562  20.0
 0.0760247796219  20.0
 0.0868854671417  20.0
 0.0977461464073  20.0
 0.108606833927  20.0
 0.119467513193  20.0
 0.130328200712  20.0
 0.141188879978  20.0
 0.152049567498  20.0
 0.162910246764  20.0
 0.173770934283  20.0
 0.184631613549  20.0
 0.195492301069  20.0
 0.206352980334  20.0
 0.206352980334  20.0
 0.219654546619  20.0
 0.232956112904  20.0
 0.246257679189  20.0
 0.259559245474  20.0
 0.27286081176  20.0
 0.286162378045  20.0
 0.29946394433  20.0
 0.312765510615  20.0
 0.3260670769  20.0
 0.33936863813  20.0
 0.352670204415  20.0
 0.3659717707  20.0
 0.379273336985  20.0
 0.39257490327  20.0
 0.405876469555  20.0
 0.41917803584  20.0
 0.432479602125  20.0
 0.44578116841  20.0
 0.459082734695  20.0
 0.459082734695  20.0
 0.474442060446  20.0
 0.489801386197  20.0
 0.505160711947  20.0
 0.520520037698  20.0
 0.535879363448  20.0
 0.551238689199  20.0
 0.56659801495  20.0
 0.5819573407  20.0
 0.597316666451  20.0
 0.612675986365  20.0
 0.628035312115  20.0
 0.643394637866  20.0
 0.658753963617  20.0
 0.674113289367  20.0
 0.689472615118  20.0
 0.704831940868  20.0
 0.720191266619  20.0
 0.73555059237  20.0
 0.75090991812  20.0
 0.75090991812  20.0
 0.758589578077  20.0
 0.766269243871  20.0
 0.773948903828  20.0
 0.781628569622  20.0
 0.789308229579  20.0
 0.796987895372  20.0
 0.804667555329  20.0
 0.812347221123  20.0
 0.82002688108  20.0
 0.827706546873  20.0
 0.83538620683  20.0
 0.843065872624  20.0
 0.850745532581  20.0
 0.858425198375  20.0
 0.866104858332  20.0
 0.873784524125  20.0
 0.881464184082  20.0
 0.889143849876  20.0
 0.896823509833  20.0
 0.896823509833  20.0
 0.902253853593  20.0
 0.907684189098  20.0
 0.913114532858  20.0
 0.918544876618  20.0
 0.923975220378  20.0
 0.929405555884  20.0
 0.934835899644  20.0
 0.940266243404  20.0
 0.945696587164  20.0
 0.951126922669  20.0
 0.956557266429  20.0
 0.961987610189  20.0
 0.967417953949  20.0
 0.972848289455  20.0
 0.978278633215  20.0
 0.983708976974  20.0
 0.989139320734  20.0
 0.99456965624  20.0
 1.0  20.0
 1.0  20.0
 0.99456965624  20.0
 0.989139320734  20.0
 0.983708976974  20.0
 0.978278633215  20.0
 0.972848289455  20.0
 0.967417953949  20.0
 0.961987610189  20.0
 0.956557266429  20.0
 0.951126922669  20.0
 0.945696587164  20.0
 0.940266243404  20.0
 0.934835899644  20.0
 0.929405555884  20.0
 0.923975220378  20.0
 0.918544876618  20.0
 0.913114532858  20.0
 0.907684189098  20.0
 0.902253853593  20.0
 0.896823509833  20.0
 0.896823509833  20.0
 0.889143849876  20.0
 0.881464184082  20.0
 0.873784524125  20.0
 0.866104858332  20.0
 0.858425198375  20.0
 0.850745532581  20.0
 0.843065872624  20.0
 0.83538620683  20.0
 0.827706546873  20.0
 0.82002688108  20.0
 0.812347221123  20.0
 0.804667555329  20.0
 0.796987895372  20.0
 0.789308229579  20.0
 0.781628569622  20.0
 0.773948903828  20.0
 0.766269243871  20.0
 0.758589578077  20.0
 0.75090991812  20.0
 0.75090991812  20.0
 0.73555059237  20.0
 0.720191266619  20.0
 0.704831940868  20.0
 0.689472615118  20.0
 0.674113289367  20.0
 0.658753963617  20.0
 0.643394637866  20.0
 0.628035312115  20.0
 0.612675986365  20.0
 0.597316666451  20.0
 0.5819573407  20.0
 0.56659801495  20.0
 0.551238689199  20.0
 0.535879363448  20.0
 0.520520037698  20.0
 0.505160711947  20.0
 0.489801386197  20.0
 0.474442060446  20.0
 0.459082734695  20.0
 0.459082734695  20.0
 0.44578116841  20.0
 0.432479602125  20.0
 0.41917803584  20.0
 0.405876469555  20.0
 0.39257490327  20.0
 0.379273336985  20.0
 0.3659717707  20.0
 0.352670204415  20.0
 0.33936863813  20.0
 0.3260670769  20.0
 0.312765510615  20.0
 0.29946394433  20.0
 0.286162378045  20.0
 0.27286081176  20.0
 0.259559245474  20.0
 0.246257679189  20.0
 0.232956112904  20.0
 0.219654546619  20.0
 0.206352980334  20.0
 0.206352980334  20.0
 0.195492301069  20.0
 0.184631613549  20.0
 0.173770934283  20.0
 0.162910246764  20.0
 0.152049567498  20.0
 0.141188879978  20.0
 0.130328200712  20.0
 0.119467513193  20.0
 0.108606833927  20.0
 0.0977461464073  20.0
 0.0868854671417  20.0
 0.0760247796219  20.0
 0.0651641003562  20.0
 0.0543034128365  20.0
 0.0434427335708  20.0
 0.0325820460511  20.0
 0.0217213667854  20.0
 0.0108606792656  20.0
 0.0  20.0
 0.0  20.0
 0.0108606792656  20.0
 0.0217213667854  20.0
 0.0325820460511  20.0
 0.0434427335708  20.0
 0.0543034128365  20.0
 0.0651641003562  20.0
 0.0760247796219  20.0
 0.0868854671417  20.0
 0.0977461464073  20.0
 0.108606833927  20.0
 0.119467513193  20.0
 0.130328200712  20.0
 0.141188879978  20.0
 0.152049567498  20.0
 0.162910246764  20.0
 0.173770934283  20.0
 0.184631613549  20.0
 0.195492301069  20.0
 0.206352980334  20.0
 0.206352980334  20.0
 0.219654546619  20.0
 0.232956112904  20.0
 0.246257679189  20.0
 0.259559245474  20.0
 0.27286081176  20.0
 0.286162378045  20.0
 0.29946394433  20.0
 0.312765510615  20.0
 0.3260670769  20.0
 0.33936863813  20.0
 0.352670204415  20.0
 0.3659717707  20.0
 0.379273336985  20.0
 0.39257490327  20.0
 0.405876469555  20.0
 0.41917803584  20.0
 0.432479602125  20.0
 0.44578116841  20.0
 0.459082734695  20.0
 0.459082734695  20.0
 0.474442060446  20.0
 0.489801386197  20.0
 0.505160711947  20.0
 0.520520037698  20.0
 0.535879363448  20.0
 0.551238689199  20.0
 0.56659801495  20.0
 0.5819573407  20.0
 0.597316666451  20.0
 0.612675986365  20.0
 0.628035312115  20.0
 0.643394637866  20.0
 0.658753963617  20.0
 0.674113289367  20.0
 0.689472615118  20.0
 0.704831940868  20.0
 0.720191266619  20.0
 0.73555059237  20.0
 0.75090991812  20.0
 0.75090991812  20.0
 0.758589578077  20.0
 0.766269243871  20.0
 0.773948903828  20.0
 0.781628569622  20.0
 0.789308229579  20.0
 0.796987895372  20.0
 0.804667555329  20.0
 0.812347221123  20.0
 0.82002688108  20.0
 0.827706546873  20.0
 0.83538620683  20.0
 0.843065872624  20.0
 0.850745532581  20.0
 0.858425198375  20.0
 0.866104858332  20.0
 0.873784524125  20.0
 0.881464184082  20.0
 0.889143849876  20.0
 0.896823509833  20.0
 0.896823509833  20.0
 0.902253853593  20.0
 0.907684189098  20.0
 0.913114532858  20.0
 0.918544876618  20.0
 0.923975220378  20.0
 0.929405555884  20.0
 0.934835899644  20.0
 0.940266243404  20.0
 0.945696587164  20.0
 0.951126922669  20.0
 0.956557266429  20.0
 0.961987610189  20.0
 0.967417953949  20.0
 0.972848289455  20.0
 0.978278633215  20.0
 0.983708976974  20.0
 0.989139320734  20.0
 0.99456965624  20.0
 1.0  20.0
 1.0  20.0
 0.99456965624  20.0
 0.989139320734  20.0
 0.983708976974  20.0
 0.978278633215  20.0
 0.972848289455  20.0
 0.967417953949  20.0
 0.961987610189  20.0
 0.956557266429  20.0
 0.951126922669  20.0
 0.945696587164  20.0
 0.940266243404  20.0
 0.934835899644  20.0
 0.929405555884  20.0
 0.923975220378  20.0
 0.918544876618  20.0
 0.913114532858  20.0
 0.907684189098  20.0
 0.902253853593  20.0
 0.896823509833  20.0
 0.896823509833  20.0
 0.889143849876  20.0
 0.881464184082  20.0
 0.873784524125  20.0
 0.866104858332  20.0
 0.858425198375  20.0
 0.850745532581  20.0
 0.843065872624  20.0
 0.83538620683  20.0
 0.827706546873  20.0
 0.82002688108  20.0
 0.812347221123  20.0
 0.804667555329  20.0
 0.796987895372  20.0
 0.789308229579  20.0
 0.781628569622  20.0
 0.773948903828  20.0
 0.766269243871  20.0
 0.758589578077  20.0
 0.75090991812  20.0
 0.75090991812  20.0
 0.73555059237  20.0
 0.720191266619  20.0
 0.704831940868  20.0
 0.689472615118  20.0
 0.674113289367  20.0
 0.658753963617  20.0
 0.643394637866  20.0
 0.628035312115  20.0
 0.612675986365  20.0
 0.597316666451  20.0
 0.5819573407  20.0
 0.56659801495  20.0
 0.551238689199  20.0
 0.535879363448  20.0
 0.520520037698  20.0
 0.505160711947  20.0
 0.489801386197  20.0
 0.474442060446  20.0
 0.459082734695  20.0
 0.459082734695  20.0
 0.44578116841  20.0
 0.432479602125  20.0
 0.41917803584  20.0
 0.405876469555  20.0
 0.39257490327  20.0
 0.379273336985  20.0
 0.3659717707  20.0
 0.352670204415  20.0
 0.33936863813  20.0
 0.3260670769  20.0
 0.312765510615  20.0
 0.29946394433  20.0
 0.286162378045  20.0
 0.27286081176  20.0
 0.259559245474  20.0
 0.246257679189  20.0
 0.232956112904  20.0
 0.219654546619  20.0
 0.206352980334  20.0
 0.206352980334  20.0
 0.195492301069  20.0
 0.184631613549  20.0
 0.173770934283  20.0
 0.162910246764  20.0
 0.152049567498  20.0
 0.141188879978  20.0
 0.130328200712  20.0
 0.119467513193  20.0
 0.108606833927  20.0
 0.0977461464073  20.0
 0.0868854671417  20.0
 0.0760247796219  20.0
 0.0651641003562  20.0
 0.0543034128365  20.0
 0.0434427335708  20.0
 0.0325820460511  20.0
 0.0217213667854  20.0
 0.0108606792656  20.0
 0.0  20.0
