 0.0  0.0
 1.0  0.0

 0.251813236653  -30.0
 0.251813236653  30.0

 0.251813236653  -30.0
 0.251813236653  30.0

 0.324505456637  -30.0
 0.324505456637  30.0

 0.324505456637  -30.0
 0.324505456637  30.0

 0.542582116587  -30.0
 0.542582116587  30.0

 0.542582116587  -30.0
 0.542582116587  30.0

 0.668488734914  -30.0
 0.668488734914  30.0

 0.668488734914  -30.0
 0.668488734914  30.0

 0.874093381673  -30.0
 0.874093381673  30.0

 0.874093381673  -30.0
 0.874093381673  30.0

 1.0  -30.0
 1.0  30.0

 0.0  -17.88071372
 0.01325332851  -17.87392853
 0.0265066570199  -17.85584613
 0.0397599855299  -17.82415388
 0.0530133140399  -17.78253274
 0.0662666425498  -17.73098368
 0.0795199710598  -17.67134823
 0.0927732995697  -17.60282821
 0.10602662808  -17.52791517
 0.11927995659  -17.44823484
 0.132533280063  -17.36660677
 0.145786608573  -17.28387107
 0.159039937083  -17.2024338
 0.172293265593  -17.12582531
 0.185546594103  -17.05505068
 0.198799922613  -16.9929222
 0.212053251123  -16.94671575
 0.225306579633  -16.94526549
 0.238559908143  -16.94551762
 0.251813236653  -16.94593172
 0.251813236653  -16.9459317
 0.255639140137  -16.94625528
 0.25946505089  -16.9472229
 0.263290954374  -16.94882638
 0.267116862219  -16.95142745
 0.270942765703  -16.95427475
 0.274768676456  -16.95770429
 0.278594579939  -16.96170071
 0.282420487785  -16.96624223
 0.286246391268  -16.97130885
 0.290072302021  -16.97688086
 0.293898205505  -16.98359263
 0.29772411335  -16.99018383
 0.301550016834  -16.99718772
 0.305375927587  -17.00466622
 0.309201831071  -17.01268311
 0.313027738916  -17.02108149
 0.3168536424  -17.02994071
 0.320679553153  -17.03919355
 0.324505456637  -17.04900112
 0.324505456637  -17.04900099
 0.335983178719  -17.05709736
 0.347460892562  -17.06421413
 0.358938614644  -17.08360085
 0.370416333334  -17.13567498
 0.38189405057  -17.19991392
 0.39337176926  -17.26828035
 0.404849491342  -17.33785136
 0.416327205185  -17.40859947
 0.427804927267  -17.47835296
 0.439282645957  -17.54564029
 0.450760368039  -17.60869215
 0.462238081882  -17.66735722
 0.473715803964  -17.72063501
 0.485193522654  -17.76722969
 0.49667123989  -17.80652147
 0.50814895858  -17.83817747
 0.519626680662  -17.86162907
 0.531104394505  -17.87544068
 0.542582116587  -17.88071371
 0.542582116587  -17.88071372
 0.549208780842  -17.87919882
 0.555835445097  -17.87394409
 0.562462109352  -17.86641333
 0.569088773607  -17.85590623
 0.575715437862  -17.84208687
 0.582342102117  -17.82429595
 0.588968766372  -17.80449397
 0.595595430627  -17.78279629
 0.602222094882  -17.75852403
 0.608848756619  -17.73143245
 0.615475420874  -17.70241924
 0.622102085129  -17.67206826
 0.628728749384  -17.63898726
 0.635355413639  -17.60404701
 0.641982077894  -17.56771883
 0.648608742149  -17.53024018
 0.655235406404  -17.49220041
 0.661862070659  -17.4554133
 0.668488734914  -17.4336036
 0.668488734914  -17.4336035
 0.679310028216  -17.43051663
 0.690131329743  -17.42184057
 0.700952623045  -17.40789162
 0.711773924571  -17.38903596
 0.722595217873  -17.3653583
 0.7334165194  -17.33717474
 0.744237812702  -17.3053904
 0.755059114228  -17.27038212
 0.76588040753  -17.23415132
 0.776701709057  -17.2046452
 0.787523002359  -17.17396431
 0.798344303885  -17.14276634
 0.809165597188  -17.11144757
 0.819986898714  -17.08015409
 0.830808192016  -17.04967136
 0.841629493543  -17.02023015
 0.852450786845  -16.99242789
 0.863272088371  -16.96664969
 0.874093381673  -16.94308925
 0.874093381673  -16.94308925
 0.88072004341  -16.94298042
 0.887346710183  -16.94320118
 0.89397337192  -16.94332389
 0.900600038693  -16.94349235
 0.90722670043  -16.94360223
 0.913853367203  -16.94427162
 0.92048002894  -16.94464967
 0.927106695713  -16.94485644
 0.93373335745  -16.94545641
 0.940360024223  -16.94548849
 0.94698668596  -16.94560659
 0.953613352733  -16.94621194
 0.96024001447  -16.94632339
 0.966866681243  -16.94615743
 0.97349334298  -16.94637422
 0.980120009753  -16.94654701
 0.98674667149  -16.94581913
 0.993373338263  -16.94590154
 1.0  -16.94593171
 1.0  -16.8716678
 0.993373338263  -16.87172854
 0.98674667149  -16.87262539
 0.980120009753  -16.87295526
 0.97349334298  -16.87339077
 0.966866681243  -16.87417311
 0.96024001447  -16.87431345
 0.953613352733  -16.87480731
 0.94698668596  -16.87559051
 0.940360024223  -16.87669916
 0.93373335745  -16.87784129
 0.927106695713  -16.87845178
 0.92048002894  -16.87908865
 0.913853367203  -16.87990669
 0.90722670043  -16.88071415
 0.900600038693  -16.8815721
 0.89397337192  -16.88213403
 0.887346710183  -16.88257553
 0.88072004341  -16.88276368
 0.874093381673  -16.88302731
 0.874093381673  -16.88302729
 0.863272088371  -16.90484596
 0.852450786845  -16.93123418
 0.841629493543  -16.96182527
 0.830808192016  -16.99587719
 0.819986898714  -17.03272141
 0.809165597188  -17.07185135
 0.798344303885  -17.11197818
 0.787523002359  -17.15261819
 0.776701709057  -17.19322911
 0.76588040753  -17.23262125
 0.755059114228  -17.26212978
 0.744237812702  -17.28794259
 0.7334165194  -17.31123354
 0.722595217873  -17.33192831
 0.711773924571  -17.34920447
 0.700952623045  -17.36297898
 0.690131329743  -17.37319575
 0.679310028216  -17.37960013
 0.668488734914  -17.38194362
 0.668488734914  -17.38194376
 0.661862070659  -17.3588581
 0.655235406404  -17.32113336
 0.648608742149  -17.28096896
 0.641982077894  -17.24057701
 0.635355413639  -17.20063114
 0.628728749384  -17.16228851
 0.622102085129  -17.12449448
 0.615475420874  -17.08827631
 0.608848756619  -17.05395255
 0.602222094882  -17.0218263
 0.595595430627  -16.99181986
 0.588968766372  -16.96436528
 0.582342102117  -16.94057699
 0.575715437862  -16.92003074
 0.569088773607  -16.9029273
 0.562462109352  -16.88905613
 0.555835445097  -16.87932884
 0.549208780842  -16.87345479
 0.542582116587  -16.87149066
 0.542582116587  -16.87149048
 0.531104394505  -16.87370949
 0.519626680662  -16.87934365
 0.50814895858  -16.88798864
 0.49667123989  -16.89905601
 0.485193522654  -16.91286147
 0.473715803964  -16.92911002
 0.462238081882  -16.94664581
 0.450760368039  -16.96435724
 0.439282645957  -16.98267724
 0.427804927267  -16.99972328
 0.416327205185  -17.01569846
 0.404849491342  -17.02914182
 0.39337176926  -17.04043599
 0.38189405057  -17.0490306
 0.370416333334  -17.05286307
 0.358938614644  -17.0463727
 0.347460892562  -17.00787365
 0.335983178719  -16.96142791
 0.324505456637  -16.92164289
 0.324505456637  -16.92164307
 0.320679553153  -16.91677839
 0.3168536424  -16.91191093
 0.313027738916  -16.9073728
 0.309201831071  -16.90304795
 0.305375927587  -16.89861184
 0.301550016834  -16.89480295
 0.29772411335  -16.89153853
 0.293898205505  -16.88804868
 0.290072302021  -16.88534051
 0.286246391268  -16.88299567
 0.282420487785  -16.88071251
 0.278594579939  -16.87873397
 0.274768676456  -16.87705267
 0.270942765703  -16.87565803
 0.267116862219  -16.87441661
 0.263290954374  -16.87273269
 0.25946505089  -16.87213757
 0.255639140137  -16.87178434
 0.251813236653  -16.87166782
 0.251813236653  -16.87166782
 0.238559908143  -16.87948901
 0.225306579633  -16.90296266
 0.212053251123  -16.93759971
 0.198799922613  -16.93978986
 0.185546594103  -16.93690105
 0.172293265593  -16.93266207
 0.159039937083  -16.92721396
 0.145786608573  -16.92189715
 0.132533280063  -16.91597632
 0.11927995659  -16.90953973
 0.10602662808  -16.90331723
 0.0927732995697  -16.89681586
 0.0795199710598  -16.89073515
 0.0662666425498  -16.88594061
 0.0530133140399  -16.88069837
 0.0397599855299  -16.87712076
 0.0265066570199  -16.87455376
 0.01325332851  -16.87278872
 0.0  -16.87149067
 0.0  -6.36334683
 0.01325332851  -6.35144474
 0.0265066570199  -6.31606864
 0.0397599855299  -6.2577852
 0.0530133140399  -6.17834042
 0.0662666425498  -6.0796647
 0.0795199710598  -5.96372392
 0.0927732995697  -5.83426685
 0.10602662808  -5.69537944
 0.11927995659  -5.55330754
 0.132533280063  -5.44360019
 0.145786608573  -5.49367842
 0.159039937083  -5.61881579
 0.172293265593  -5.77227432
 0.185546594103  -5.92659392
 0.198799922613  -6.06604339
 0.212053251123  -6.18135121
 0.225306579633  -6.26748056
 0.238559908143  -6.3202844
 0.251813236653  -6.33819395
 0.251813236653  -6.33819395
 0.255639140137  -6.3371521
 0.25946505089  -6.3340308
 0.263290954374  -6.32884936
 0.267116862219  -6.321751
 0.270942765703  -6.31259789
 0.274768676456  -6.30148417
 0.278594579939  -6.28851963
 0.282420487785  -6.27379245
 0.286246391268  -6.25740677
 0.290072302021  -6.23938888
 0.293898205505  -6.22011879
 0.29772411335  -6.19960261
 0.301550016834  -6.17801966
 0.305375927587  -6.155621
 0.309201831071  -6.13268145
 0.313027738916  -6.10939868
 0.3168536424  -6.0861298
 0.320679553153  -6.06353981
 0.324505456637  -6.04135507
 0.324505456637  -6.04135501
 0.335983178719  -5.9888818
 0.347460892562  -5.92487373
 0.358938614644  -5.85211637
 0.370416333334  -5.77622894
 0.38189405057  -5.70383312
 0.39337176926  -5.64140561
 0.404849491342  -5.59940513
 0.416327205185  -5.59474263
 0.427804927267  -5.64114511
 0.439282645957  -5.72751988
 0.450760368039  -5.83000914
 0.462238081882  -5.93591266
 0.473715803964  -6.03719859
 0.485193522654  -6.13008026
 0.49667123989  -6.21051277
 0.50814895858  -6.27591466
 0.519626680662  -6.32401524
 0.531104394505  -6.35343113
 0.542582116587  -6.36334676
 0.542582116587  -6.36334681
 0.549208780842  -6.35905832
 0.555835445097  -6.34615079
 0.562462109352  -6.32495634
 0.569088773607  -6.29573566
 0.575715437862  -6.25849704
 0.582342102117  -6.21386124
 0.588968766372  -6.16252046
 0.595595430627  -6.10570959
 0.602222094882  -6.04319678
 0.608848756619  -5.97642497
 0.615475420874  -5.90675682
 0.622102085129  -5.83639662
 0.628728749384  -5.76609369
 0.635355413639  -5.69839983
 0.641982077894  -5.63669483
 0.648608742149  -5.58370079
 0.655235406404  -5.54265967
 0.661862070659  -5.51655176
 0.668488734914  -5.50777058
 0.668488734914  -5.50777047
 0.679310028216  -5.50255983
 0.690131329743  -5.4873704
 0.700952623045  -5.46260783
 0.711773924571  -5.42876952
 0.722595217873  -5.40397014
 0.7334165194  -5.47795938
 0.744237812702  -5.54812891
 0.755059114228  -5.61113249
 0.76588040753  -5.66514369
 0.776701709057  -5.70884985
 0.787523002359  -5.74126583
 0.798344303885  -5.76131671
 0.809165597188  -5.76958424
 0.819986898714  -5.76537842
 0.830808192016  -5.75003468
 0.841629493543  -5.72444035
 0.852450786845  -5.69076156
 0.863272088371  -5.65295565
 0.874093381673  -5.61610673
 0.874093381673  -5.61610674
 0.88072004341  -5.63233625
 0.887346710183  -5.67231803
 0.89397337192  -5.7230642
 0.900600038693  -5.77872768
 0.90722670043  -5.83678306
 0.913853367203  -5.89533424
 0.92048002894  -5.95296986
 0.927106695713  -6.00872907
 0.93373335745  -6.06186682
 0.940360024223  -6.1112498
 0.94698668596  -6.15678502
 0.953613352733  -6.19798154
 0.96024001447  -6.23436578
 0.966866681243  -6.26575543
 0.97349334298  -6.29157252
 0.980120009753  -6.31191946
 0.98674667149  -6.32647581
 0.993373338263  -6.33524567
 1.0  -6.33819396
 1.0  -5.10201571
 0.993373338263  -5.10281618
 0.98674667149  -5.10588239
 0.980120009753  -5.11091564
 0.97349334298  -5.11922725
 0.966866681243  -5.13169073
 0.96024001447  -5.14785577
 0.953613352733  -5.1673075
 0.94698668596  -5.18861261
 0.940360024223  -5.21172194
 0.93373335745  -5.23540642
 0.927106695713  -5.25974159
 0.92048002894  -5.28498281
 0.913853367203  -5.31101551
 0.90722670043  -5.33803508
 0.900600038693  -5.36669443
 0.89397337192  -5.39661397
 0.887346710183  -5.42727582
 0.88072004341  -5.45411975
 0.874093381673  -5.46648871
 0.874093381673  -5.46648873
 0.863272088371  -5.45157889
 0.852450786845  -5.42098888
 0.841629493543  -5.37591128
 0.830808192016  -5.31836728
 0.819986898714  -5.25164038
 0.809165597188  -5.18108256
 0.798344303885  -5.11329669
 0.787523002359  -5.05848857
 0.776701709057  -5.09529748
 0.76588040753  -5.16054186
 0.755059114228  -5.22328947
 0.744237812702  -5.28286975
 0.7334165194  -5.33780956
 0.722595217873  -5.38685737
 0.711773924571  -5.32961008
 0.700952623045  -5.26024808
 0.690131329743  -5.20225807
 0.679310028216  -5.16341616
 0.668488734914  -5.14969984
 0.668488734914  -5.14969984
 0.661862070659  -5.15004186
 0.655235406404  -5.15161532
 0.648608742149  -5.15413919
 0.641982077894  -5.15755392
 0.635355413639  -5.16175438
 0.628728749384  -5.16706129
 0.622102085129  -5.17246933
 0.615475420874  -5.17822881
 0.608848756619  -5.18418669
 0.602222094882  -5.19026317
 0.595595430627  -5.19599726
 0.588968766372  -5.20158839
 0.582342102117  -5.20697574
 0.575715437862  -5.21194305
 0.569088773607  -5.21590204
 0.562462109352  -5.21900255
 0.555835445097  -5.2213279
 0.549208780842  -5.22277354
 0.542582116587  -5.2232495
 0.542582116587  -5.22324948
 0.531104394505  -5.22434294
 0.519626680662  -5.22668722
 0.50814895858  -5.23057243
 0.49667123989  -5.23653041
 0.485193522654  -5.24504842
 0.473715803964  -5.25712729
 0.462238081882  -5.2718629
 0.450760368039  -5.28966241
 0.439282645957  -5.30693896
 0.427804927267  -5.31443902
 0.416327205185  -5.29453685
 0.404849491342  -5.24094094
 0.39337176926  -5.18186236
 0.38189405057  -5.16339501
 0.370416333334  -5.20387072
 0.358938614644  -5.26442431
 0.347460892562  -5.32118697
 0.335983178719  -5.36784155
 0.324505456637  -5.40333296
 0.324505456637  -5.40333337
 0.320679553153  -5.39430351
 0.3168536424  -5.38193052
 0.313027738916  -5.36660666
 0.309201831071  -5.34871624
 0.305375927587  -5.32822108
 0.301550016834  -5.30632518
 0.29772411335  -5.28314943
 0.293898205505  -5.25862268
 0.290072302021  -5.23333399
 0.286246391268  -5.20820979
 0.282420487785  -5.1829105
 0.278594579939  -5.15820926
 0.274768676456  -5.13464375
 0.270942765703  -5.11282272
 0.267116862219  -5.09994683
 0.263290954374  -5.10058381
 0.25946505089  -5.10137833
 0.255639140137  -5.10185611
 0.251813236653  -5.10201575
 0.251813236653  -5.10201571
 0.238559908143  -5.09875787
 0.225306579633  -5.08935417
 0.212053251123  -5.09279147
 0.198799922613  -5.11124191
 0.185546594103  -5.1236246
 0.172293265593  -5.12252679
 0.159039937083  -5.11107404
 0.145786608573  -5.24229507
 0.132533280063  -5.35194509
 0.11927995659  -5.34069717
 0.10602662808  -5.31527903
 0.0927732995697  -5.29424274
 0.0795199710598  -5.27671041
 0.0662666425498  -5.26183344
 0.0530133140399  -5.24807764
 0.0397599855299  -5.23772691
 0.0265066570199  -5.23028911
 0.01325332851  -5.22533896
 0.0  -5.2232495
 0.0  -5.22324949
 0.01325332851  -5.21878619
 0.0265066570199  -5.20516031
 0.0397599855299  -5.1824984
 0.0530133140399  -5.1531896
 0.0662666425498  -5.11913178
 0.0795199710598  -5.08197597
 0.0927732995697  -5.04544899
 0.10602662808  -5.01358536
 0.11927995659  -4.99070738
 0.132533280063  -4.97969729
 0.145786608573  -5.02965708
 0.159039937083  -5.09635604
 0.172293265593  -5.01164458
 0.185546594103  -5.03333323
 0.198799922613  -5.05483502
 0.212053251123  -5.07423549
 0.225306579633  -5.07345848
 0.238559908143  -5.05891532
 0.251813236653  -5.05362639
 0.251813236653  -5.05362638
 0.255639140137  -5.05622898
 0.25946505089  -5.06386639
 0.263290954374  -5.0760723
 0.267116862219  -5.09340595
 0.270942765703  -5.09854651
 0.274768676456  -5.09684552
 0.278594579939  -5.09485077
 0.282420487785  -5.09257205
 0.286246391268  -5.09001958
 0.290072302021  -5.08718576
 0.293898205505  -5.08395578
 0.29772411335  -5.08093229
 0.301550016834  -5.07743266
 0.305375927587  -5.07373708
 0.309201831071  -5.06986791
 0.313027738916  -5.06584541
 0.3168536424  -5.06169591
 0.320679553153  -5.05744601
 0.324505456637  -5.05312417
 0.324505456637  -5.05312354
 0.335983178719  -5.03505089
 0.347460892562  -5.0167045
 0.358938614644  -4.99921788
 0.370416333334  -4.98364117
 0.38189405057  -4.9727536
 0.39337176926  -4.96760131
 0.404849491342  -4.97105377
 0.416327205185  -4.98369831
 0.427804927267  -5.00379908
 0.439282645957  -5.02988731
 0.450760368039  -5.05954873
 0.462238081882  -5.09137064
 0.473715803964  -5.1219112
 0.485193522654  -5.14991308
 0.49667123989  -5.17482368
 0.50814895858  -5.1958199
 0.519626680662  -5.21108562
 0.531104394505  -5.21996403
 0.542582116587  -5.22324937
 0.542582116587  -5.22324943
 0.549208780842  -5.22277275
 0.555835445097  -5.22132773
 0.562462109352  -5.21900241
 0.569088773607  -5.21590201
 0.575715437862  -5.2119422
 0.582342102117  -5.20697573
 0.588968766372  -5.20158804
 0.595595430627  -5.19599726
 0.602222094882  -5.1902631
 0.608848756619  -5.18418654
 0.615475420874  -5.1782288
 0.622102085129  -5.17246915
 0.628728749384  -5.16706118
 0.635355413639  -5.16175436
 0.641982077894  -5.15755379
 0.648608742149  -5.15413909
 0.655235406404  -5.15161523
 0.661862070659  -5.15004133
 0.668488734914  -5.14969949
 0.668488734914  -5.14969962
 0.679310028216  -5.14668064
 0.690131329743  -5.13783373
 0.700952623045  -5.12342969
 0.711773924571  -5.10453028
 0.722595217873  -5.08250544
 0.7334165194  -5.05815515
 0.744237812702  -5.03498508
 0.755059114228  -5.01706051
 0.76588040753  -5.01075695
 0.776701709057  -5.02302805
 0.787523002359  -5.02940639
 0.798344303885  -4.9646559
 0.809165597188  -4.90141323
 0.819986898714  -4.84151855
 0.830808192016  -4.84854631
 0.841629493543  -4.91516189
 0.852450786845  -4.97527201
 0.863272088371  -5.02534416
 0.874093381673  -5.06009592
 0.874093381673  -5.06009591
 0.88072004341  -5.06261076
 0.887346710183  -5.06902718
 0.89397337192  -5.07694888
 0.900600038693  -5.08435859
 0.90722670043  -5.09057326
 0.913853367203  -5.09504911
 0.92048002894  -5.09776483
 0.927106695713  -5.09906816
 0.93373335745  -5.09931301
 0.940360024223  -5.09750747
 0.94698668596  -5.09495852
 0.953613352733  -5.09187108
 0.96024001447  -5.08792485
 0.966866681243  -5.08255581
 0.97349334298  -5.07581807
 0.980120009753  -5.06818078
 0.98674667149  -5.06067634
 0.993373338263  -5.05535612
 1.0  -5.05362635
 1.0  -4.64005969
 0.993373338263  -4.63916408
 0.98674667149  -4.6365499
 0.980120009753  -4.63290863
 0.97349334298  -4.6273105
 0.966866681243  -4.62054183
 0.96024001447  -4.61313262
 0.953613352733  -4.60458369
 0.94698668596  -4.59511048
 0.940360024223  -4.58589126
 0.93373335745  -4.57644861
 0.927106695713  -4.56714878
 0.92048002894  -4.55884631
 0.913853367203  -4.55515832
 0.90722670043  -4.59306598
 0.900600038693  -4.64686446
 0.89397337192  -4.69568813
 0.887346710183  -4.735631
 0.88072004341  -4.76238255
 0.874093381673  -4.77192607
 0.874093381673  -4.77192605
 0.863272088371  -4.73649598
 0.852450786845  -4.72552313
 0.841629493543  -4.74529349
 0.830808192016  -4.78761187
 0.819986898714  -4.77778756
 0.809165597188  -4.70511267
 0.798344303885  -4.63137648
 0.787523002359  -4.55791182
 0.776701709057  -4.48608303
 0.76588040753  -4.41629018
 0.755059114228  -4.34979401
 0.744237812702  -4.28743417
 0.7334165194  -4.22988965
 0.722595217873  -4.17830961
 0.711773924571  -4.1334133
 0.700952623045  -4.09587779
 0.690131329743  -4.06659699
 0.679310028216  -4.04710414
 0.668488734914  -4.04029834
 0.668488734914  -4.04029836
 0.661862070659  -4.04013015
 0.655235406404  -4.04044435
 0.648608742149  -4.0409048
 0.641982077894  -4.04152937
 0.635355413639  -4.04229583
 0.628728749384  -4.04341208
 0.622102085129  -4.04439653
 0.615475420874  -4.04534979
 0.608848756619  -4.04642222
 0.602222094882  -4.04750153
 0.595595430627  -4.04847458
 0.588968766372  -4.04973269
 0.582342102117  -4.05074995
 0.575715437862  -4.0518622
 0.569088773607  -4.05264086
 0.562462109352  -4.05294525
 0.555835445097  -4.05335693
 0.549208780842  -4.05386963
 0.542582116587  -4.05395807
 0.542582116587  -4.05395806
 0.531104394505  -4.05735541
 0.519626680662  -4.06772346
 0.50814895858  -4.08528374
 0.49667123989  -4.11145479
 0.485193522654  -4.14797626
 0.473715803964  -4.19634769
 0.462238081882  -4.25870935
 0.450760368039  -4.33652538
 0.439282645957  -4.43051089
 0.427804927267  -4.53728362
 0.416327205185  -4.65190696
 0.404849491342  -4.76395306
 0.39337176926  -4.85559847
 0.38189405057  -4.88968037
 0.370416333334  -4.85214864
 0.358938614644  -4.78376164
 0.347460892562  -4.70964413
 0.335983178719  -4.64032553
 0.324505456637  -4.57930649
 0.324505456637  -4.57930675
 0.320679553153  -4.57632586
 0.3168536424  -4.57453074
 0.313027738916  -4.57373894
 0.309201831071  -4.57394059
 0.305375927587  -4.57493885
 0.301550016834  -4.57698832
 0.29772411335  -4.57997084
 0.293898205505  -4.58360705
 0.290072302021  -4.58760122
 0.286246391268  -4.59287076
 0.282420487785  -4.59877653
 0.278594579939  -4.60524473
 0.274768676456  -4.61210221
 0.270942765703  -4.6190938
 0.267116862219  -4.62585634
 0.263290954374  -4.63091619
 0.25946505089  -4.63578423
 0.255639140137  -4.63895618
 0.251813236653  -4.64005974
 0.251813236653  -4.64005976
 0.238559908143  -4.64953256
 0.225306579633  -4.67889341
 0.212053251123  -4.72763024
 0.198799922613  -4.79552476
 0.185546594103  -4.88311751
 0.172293265593  -4.98921838
 0.159039937083  -4.99246872
 0.145786608573  -4.98086476
 0.132533280063  -4.90947827
 0.11927995659  -4.75427988
 0.10602662808  -4.59388296
 0.0927732995697  -4.44795938
 0.0795199710598  -4.32606157
 0.0662666425498  -4.23015602
 0.0530133140399  -4.15985369
 0.0397599855299  -4.11035507
 0.0265066570199  -4.07847959
 0.01325332851  -4.05996034
 0.0  -4.05395807
 0.0  -4.05395806
 0.01325332851  -4.05726848
 0.0265066570199  -4.06697715
 0.0397599855299  -4.08200424
 0.0530133140399  -4.10118228
 0.0662666425498  -4.12239837
 0.0795199710598  -4.14230228
 0.0927732995697  -4.1570467
 0.10602662808  -4.16186222
 0.11927995659  -4.15204148
 0.132533280063  -4.12498313
 0.145786608573  -4.0792247
 0.159039937083  -4.01715112
 0.172293265593  -3.94352477
 0.185546594103  -3.86339545
 0.198799922613  -3.95968439
 0.212053251123  -4.04494539
 0.225306579633  -4.11165882
 0.238559908143  -4.15423724
 0.251813236653  -4.16929465
 0.251813236653  -4.16929465
 0.255639140137  -4.1673612
 0.25946505089  -4.16159559
 0.263290954374  -4.1520964
 0.267116862219  -4.13914286
 0.270942765703  -4.12298441
 0.274768676456  -4.10353398
 0.278594579939  -4.08138212
 0.282420487785  -4.05690574
 0.286246391268  -4.03051045
 0.290072302021  -4.0024719
 0.293898205505  -3.97378284
 0.29772411335  -3.94425903
 0.301550016834  -3.914429
 0.305375927587  -3.88502511
 0.309201831071  -3.85662764
 0.313027738916  -3.82925346
 0.3168536424  -3.80356568
 0.320679553153  -3.81421737
 0.324505456637  -3.83341024
 0.324505456637  -3.83341012
 0.335983178719  -3.89259507
 0.347460892562  -3.9513895
 0.358938614644  -4.00740273
 0.370416333334  -4.05745588
 0.38189405057  -4.10011359
 0.39337176926  -4.13272182
 0.404849491342  -4.15424335
 0.416327205185  -4.16477931
 0.427804927267  -4.16504008
 0.439282645957  -4.15724066
 0.450760368039  -4.14380697
 0.462238081882  -4.1276011
 0.473715803964  -4.11062697
 0.485193522654  -4.09460644
 0.49667123989  -4.08045765
 0.50814895858  -4.06904329
 0.519626680662  -4.06063936
 0.531104394505  -4.05561489
 0.542582116587  -4.05395803
 0.542582116587  -4.05395805
 0.549208780842  -4.05386917
 0.555835445097  -4.05335685
 0.562462109352  -4.05294518
 0.569088773607  -4.05264081
 0.575715437862  -4.05186181
 0.582342102117  -4.05074993
 0.588968766372  -4.04973264
 0.595595430627  -4.04847457
 0.602222094882  -4.04750149
 0.608848756619  -4.0464219
 0.615475420874  -4.04534978
 0.622102085129  -4.04439594
 0.628728749384  -4.04341204
 0.635355413639  -4.04229582
 0.641982077894  -4.04152934
 0.648608742149  -4.04090474
 0.655235406404  -4.0404443
 0.661862070659  -4.04012996
 0.668488734914  -4.04029827
 0.668488734914  -4.04029822
 0.679310028216  -4.0436484
 0.690131329743  -4.0539721
 0.700952623045  -4.07212445
 0.711773924571  -4.09897795
 0.722595217873  -4.13559072
 0.7334165194  -4.18272316
 0.744237812702  -4.24002717
 0.755059114228  -4.30446387
 0.76588040753  -4.36769159
 0.776701709057  -4.42222779
 0.787523002359  -4.46079208
 0.798344303885  -4.48515215
 0.809165597188  -4.50090713
 0.819986898714  -4.51460978
 0.830808192016  -4.53002774
 0.841629493543  -4.54502783
 0.852450786845  -4.55059218
 0.863272088371  -4.53987016
 0.874093381673  -4.51976557
 0.874093381673  -4.51976555
 0.88072004341  -4.52059052
 0.887346710183  -4.52324368
 0.89397337192  -4.52713615
 0.900600038693  -4.5322189
 0.90722670043  -4.53730353
 0.913853367203  -4.52513748
 0.92048002894  -4.47176257
 0.927106695713  -4.41577205
 0.93373335745  -4.36320857
 0.940360024223  -4.31540345
 0.94698668596  -4.27405841
 0.953613352733  -4.24027286
 0.96024001447  -4.21418679
 0.966866681243  -4.1955432
 0.97349334298  -4.1829576
 0.980120009753  -4.1756498
 0.98674667149  -4.17150584
 0.993373338263  -4.16975072
 1.0  -4.16929466
 1.0  -3.59359488
 0.993373338263  -3.59358048
 0.98674667149  -3.5935038
 0.980120009753  -3.59245602
 0.97349334298  -3.58963956
 0.966866681243  -3.58410751
 0.96024001447  -3.57497174
 0.953613352733  -3.561509
 0.94698668596  -3.54348626
 0.940360024223  -3.52164463
 0.93373335745  -3.49632973
 0.927106695713  -3.46860406
 0.92048002894  -3.43980515
 0.913853367203  -3.41063554
 0.90722670043  -3.3820951
 0.900600038693  -3.35539665
 0.89397337192  -3.33131492
 0.887346710183  -3.31161074
 0.88072004341  -3.29796585
 0.874093381673  -3.29311143
 0.874093381673  -3.29311138
 0.863272088371  -3.21398557
 0.852450786845  -3.28100444
 0.841629493543  -3.34873241
 0.830808192016  -3.4107469
 0.819986898714  -3.46206897
 0.809165597188  -3.49879349
 0.798344303885  -3.51786236
 0.787523002359  -3.51834254
 0.776701709057  -3.49817455
 0.76588040753  -3.4570842
 0.755059114228  -3.39423936
 0.744237812702  -3.31019781
 0.7334165194  -3.20601353
 0.722595217873  -3.2579981
 0.711773924571  -3.38969441
 0.700952623045  -3.50611477
 0.690131329743  -3.60045177
 0.679310028216  -3.66348282
 0.668488734914  -3.68630048
 0.668488734914  -3.68630036
 0.661862070659  -3.67751101
 0.655235406404  -3.65517023
 0.648608742149  -3.61940286
 0.641982077894  -3.57489308
 0.635355413639  -3.52575482
 0.628728749384  -3.47731075
 0.622102085129  -3.42948807
 0.615475420874  -3.38426842
 0.608848756619  -3.34583372
 0.602222094882  -3.31272581
 0.595595430627  -3.28385404
 0.588968766372  -3.26094287
 0.582342102117  -3.24186749
 0.575715437862  -3.22675548
 0.569088773607  -3.21480649
 0.562462109352  -3.20563187
 0.555835445097  -3.19924985
 0.549208780842  -3.19554525
 0.542582116587  -3.19430222
 0.542582116587  -3.19430225
 0.531104394505  -3.19606731
 0.519626680662  -3.20113239
 0.50814895858  -3.20815848
 0.49667123989  -3.21568149
 0.485193522654  -3.22242911
 0.473715803964  -3.2273094
 0.462238081882  -3.23170819
 0.450760368039  -3.24019645
 0.439282645957  -3.26893273
 0.427804927267  -3.32808046
 0.416327205185  -3.40650283
 0.404849491342  -3.48510221
 0.39337176926  -3.55501686
 0.38189405057  -3.61311636
 0.370416333334  -3.65898086
 0.358938614644  -3.69499484
 0.347460892562  -3.72159843
 0.335983178719  -3.74184101
 0.324505456637  -3.75853866
 0.324505456637  -3.75853924
 0.320679553153  -3.77971901
 0.3168536424  -3.79518257
 0.313027738916  -3.77639604
 0.309201831071  -3.75795302
 0.305375927587  -3.73987209
 0.301550016834  -3.72241368
 0.29772411335  -3.70566233
 0.293898205505  -3.68959564
 0.290072302021  -3.67421115
 0.286246391268  -3.66013197
 0.282420487785  -3.64703911
 0.278594579939  -3.63515547
 0.274768676456  -3.62458903
 0.270942765703  -3.61544482
 0.267116862219  -3.60781899
 0.263290954374  -3.60145841
 0.25946505089  -3.59710605
 0.255639140137  -3.59447403
 0.251813236653  -3.59359488
 0.251813236653  -3.59359489
 0.238559908143  -3.60777798
 0.225306579633  -3.64827959
 0.212053251123  -3.70889536
 0.198799922613  -3.7828846
 0.185546594103  -3.8633002
 0.172293265593  -3.7599698
 0.159039937083  -3.65339734
 0.145786608573  -3.55037955
 0.132533280063  -3.45470374
 0.11927995659  -3.37406238
 0.10602662808  -3.31408767
 0.0927732995697  -3.27407188
 0.0795199710598  -3.24828736
 0.0662666425498  -3.23049559
 0.0530133140399  -3.21742806
 0.0397599855299  -3.20747177
 0.0265066570199  -3.20052846
 0.01325332851  -3.19593027
 0.0  -3.19430243
 0.0  -1.36558899
 0.01325332851  -1.40870653
 0.0265066570199  -1.53892663
 0.0397599855299  -1.72405067
 0.0530133140399  -1.94308925
 0.0662666425498  -2.16960186
 0.0795199710598  -2.38450284
 0.0927732995697  -2.56474516
 0.10602662808  -2.70025731
 0.11927995659  -2.7829553
 0.132533280063  -2.81699138
 0.145786608573  -2.8118631
 0.159039937083  -2.78071823
 0.172293265593  -2.76470704
 0.185546594103  -2.80927248
 0.198799922613  -2.84886861
 0.212053251123  -2.87924416
 0.225306579633  -2.8995987
 0.238559908143  -2.9115022
 0.251813236653  -2.91541289
 0.251813236653  -2.91541289
 0.255639140137  -2.91684937
 0.25946505089  -2.92108271
 0.263290954374  -2.92789584
 0.267116862219  -2.93721657
 0.270942765703  -2.94813602
 0.274768676456  -2.96048035
 0.278594579939  -2.9738096
 0.282420487785  -2.98768667
 0.286246391268  -3.00168613
 0.290072302021  -3.01517552
 0.293898205505  -3.02832926
 0.29772411335  -3.04019775
 0.301550016834  -3.0504242
 0.305375927587  -3.05860075
 0.309201831071  -3.06458747
 0.313027738916  -3.06721401
 0.3168536424  -3.06633699
 0.320679553153  -3.06148082
 0.324505456637  -3.05236648
 0.324505456637  -3.05236648
 0.335983178719  -2.93889347
 0.347460892562  -2.81762231
 0.358938614644  -2.69439845
 0.370416333334  -2.58201385
 0.38189405057  -2.57702592
 0.39337176926  -2.66828062
 0.404849491342  -2.75632735
 0.416327205185  -2.82186418
 0.427804927267  -2.84678805
 0.439282645957  -2.8092419
 0.450760368039  -2.69704447
 0.462238081882  -2.52955062
 0.473715803964  -2.32811576
 0.485193522654  -2.11153501
 0.49667123989  -1.89425775
 0.50814895858  -1.69198339
 0.519626680662  -1.52309753
 0.531104394505  -1.4051631
 0.542582116587  -1.36558899
 0.542582116587  -1.36558899
 0.549208780842  -1.377061
 0.555835445097  -1.40753232
 0.562462109352  -1.46191195
 0.569088773607  -1.53370047
 0.575715437862  -1.61797507
 0.582342102117  -1.712388
 0.588968766372  -1.814395
 0.595595430627  -1.92041874
 0.602222094882  -2.02595944
 0.608848756619  -2.12750677
 0.615475420874  -2.22262144
 0.622102085129  -2.31104946
 0.628728749384  -2.38590282
 0.635355413639  -2.44777119
 0.641982077894  -2.49823104
 0.648608742149  -2.5365817
 0.655235406404  -2.56337896
 0.661862070659  -2.57825628
 0.668488734914  -2.58407343
 0.668488734914  -2.58407343
 0.679310028216  -2.61876683
 0.690131329743  -2.70810026
 0.700952623045  -2.82672136
 0.711773924571  -2.95714765
 0.722595217873  -3.08623106
 0.7334165194  -3.11717566
 0.744237812702  -2.97278566
 0.755059114228  -2.82921505
 0.76588040753  -2.69086116
 0.776701709057  -2.56199663
 0.787523002359  -2.44849307
 0.798344303885  -2.40016138
 0.809165597188  -2.55481043
 0.819986898714  -2.71415577
 0.830808192016  -2.86175363
 0.841629493543  -2.99471991
 0.852450786845  -3.11186316
 0.863272088371  -3.21113366
 0.874093381673  -3.1562112
 0.874093381673  -3.1562112
 0.88072004341  -3.15285243
 0.887346710183  -3.14403853
 0.89397337192  -3.13176997
 0.900600038693  -3.11788035
 0.90722670043  -3.10260354
 0.913853367203  -3.08731936
 0.92048002894  -3.07182991
 0.927106695713  -3.05604698
 0.93373335745  -3.04035162
 0.940360024223  -3.02413061
 0.94698668596  -3.00772819
 0.953613352733  -2.99143502
 0.96024001447  -2.97529305
 0.966866681243  -2.95998116
 0.97349334298  -2.94570042
 0.980120009753  -2.93340729
 0.98674667149  -2.92375581
 0.993373338263  -2.91750705
 1.0  -2.91541289
 1.0  -2.41301204
 0.993373338263  -2.41331073
 0.98674667149  -2.41587287
 0.980120009753  -2.42242215
 0.97349334298  -2.4279951
 0.966866681243  -2.43467968
 0.96024001447  -2.44289967
 0.953613352733  -2.45144437
 0.94698668596  -2.45875535
 0.940360024223  -2.46694885
 0.93373335745  -2.47427044
 0.927106695713  -2.47960941
 0.92048002894  -2.48407043
 0.913853367203  -2.48752307
 0.90722670043  -2.48934347
 0.900600038693  -2.49072405
 0.89397337192  -2.4911245
 0.887346710183  -2.49105493
 0.88072004341  -2.49065169
 0.874093381673  -2.49056216
 0.874093381673  -2.49056216
 0.863272088371  -2.39595062
 0.852450786845  -2.28455354
 0.841629493543  -2.16526005
 0.830808192016  -2.17414111
 0.819986898714  -2.2097577
 0.809165597188  -2.26605908
 0.798344303885  -2.33086331
 0.787523002359  -2.21183204
 0.776701709057  -2.06078189
 0.76588040753  -1.94349776
 0.755059114228  -1.87712764
 0.744237812702  -1.85434743
 0.7334165194  -1.85605593
 0.722595217873  -1.86978629
 0.711773924571  -1.88609074
 0.700952623045  -1.90202802
 0.690131329743  -1.91455895
 0.679310028216  -1.9235751
 0.668488734914  -1.92660836
 0.668488734914  -1.92660836
 0.661862070659  -1.92296369
 0.655235406404  -1.91461988
 0.648608742149  -1.90078906
 0.641982077894  -1.88167347
 0.635355413639  -1.85751758
 0.628728749384  -1.82892016
 0.622102085129  -1.79567961
 0.615475420874  -1.75831271
 0.608848756619  -1.71780881
 0.602222094882  -1.67514054
 0.595595430627  -1.62986146
 0.588968766372  -1.58327571
 0.582342102117  -1.53807165
 0.575715437862  -1.49631606
 0.569088773607  -1.45476599
 0.562462109352  -1.41804807
 0.555835445097  -1.38899695
 0.549208780842  -1.37112092
 0.542582116587  -1.36458306
 0.542582116587  -1.36458306
 0.531104394505  -1.37994148
 0.519626680662  -1.42372754
 0.50814895858  -1.48357357
 0.49667123989  -1.55226695
 0.485193522654  -1.62269948
 0.473715803964  -1.69025973
 0.462238081882  -1.75132114
 0.450760368039  -1.8041233
 0.439282645957  -1.8492805
 0.427804927267  -1.93616595
 0.416327205185  -2.04915715
 0.404849491342  -2.16620211
 0.39337176926  -2.28590344
 0.38189405057  -2.39573435
 0.370416333334  -2.40336926
 0.358938614644  -2.30688229
 0.347460892562  -2.20597866
 0.335983178719  -2.12464771
 0.324505456637  -2.13884903
 0.324505456637  -2.13884903
 0.320679553153  -2.16189701
 0.3168536424  -2.18451106
 0.313027738916  -2.20661134
 0.309201831071  -2.22811469
 0.305375927587  -2.24893135
 0.301550016834  -2.2689723
 0.29772411335  -2.28813947
 0.293898205505  -2.30632734
 0.290072302021  -2.32307708
 0.286246391268  -2.33900956
 0.282420487785  -2.35364325
 0.278594579939  -2.36687332
 0.274768676456  -2.3785948
 0.270942765703  -2.38870686
 0.267116862219  -2.39711895
 0.263290954374  -2.40363504
 0.25946505089  -2.40842836
 0.255639140137  -2.41133237
 0.251813236653  -2.41301204
 0.251813236653  -2.41301204
 0.238559908143  -2.42552436
 0.225306579633  -2.46428409
 0.212053251123  -2.51928202
 0.198799922613  -2.58453046
 0.185546594103  -2.65281536
 0.172293265593  -2.70607382
 0.159039937083  -2.67046208
 0.145786608573  -2.58594337
 0.132533280063  -2.48033128
 0.11927995659  -2.3583522
 0.10602662808  -2.22318812
 0.0927732995697  -2.07858626
 0.0795199710598  -1.93032304
 0.0662666425498  -1.78559365
 0.0530133140399  -1.65049308
 0.0397599855299  -1.53380986
 0.0265066570199  -1.44472652
 0.01325332851  -1.384848
 0.0  -1.36458306
 0.0  -1.36458306
 0.01325332851  -1.37787012
 0.0265066570199  -1.41728648
 0.0397599855299  -1.4710023
 0.0530133140399  -1.53704569
 0.0662666425498  -1.60829254
 0.0795199710598  -1.68080201
 0.0927732995697  -1.7521296
 0.10602662808  -1.82156881
 0.11927995659  -1.88893164
 0.132533280063  -1.95500139
 0.145786608573  -2.01951517
 0.159039937083  -2.08360912
 0.172293265593  -2.14917358
 0.185546594103  -2.21206727
 0.198799922613  -2.27072585
 0.212053251123  -2.32571818
 0.225306579633  -2.37115353
 0.238559908143  -2.40147341
 0.251813236653  -2.41229443
 0.251813236653  -2.41229443
 0.255639140137  -2.41132514
 0.25946505089  -2.40636236
 0.263290954374  -2.39829485
 0.267116862219  -2.38755589
 0.270942765703  -2.37421297
 0.274768676456  -2.35874594
 0.278594579939  -2.34149272
 0.282420487785  -2.32276438
 0.286246391268  -2.30283419
 0.290072302021  -2.28191673
 0.293898205505  -2.26054793
 0.29772411335  -2.23829578
 0.301550016834  -2.2155805
 0.305375927587  -2.19254041
 0.309201831071  -2.16931932
 0.313027738916  -2.14590859
 0.3168536424  -2.12243085
 0.320679553153  -2.09894391
 0.324505456637  -2.07552578
 0.324505456637  -2.07552578
 0.335983178719  -2.09146669
 0.347460892562  -2.05143344
 0.358938614644  -2.02223553
 0.370416333334  -1.99734806
 0.38189405057  -1.97701875
 0.39337176926  -1.95742843
 0.404849491342  -1.93700741
 0.416327205185  -1.91445726
 0.427804927267  -1.88551517
 0.439282645957  -1.82946199
 0.450760368039  -1.72916868
 0.462238081882  -1.63937322
 0.473715803964  -1.56261293
 0.485193522654  -1.49804909
 0.49667123989  -1.44658225
 0.50814895858  -1.40852497
 0.519626680662  -1.38275601
 0.531104394505  -1.36832709
 0.542582116587  -1.36458306
 0.542582116587  -1.36458306
 0.549208780842  -1.37112091
 0.555835445097  -1.38899695
 0.562462109352  -1.41804807
 0.569088773607  -1.45476598
 0.575715437862  -1.49631606
 0.582342102117  -1.53807165
 0.588968766372  -1.5832757
 0.595595430627  -1.62986145
 0.602222094882  -1.67514054
 0.608848756619  -1.71780881
 0.615475420874  -1.75831271
 0.622102085129  -1.79567961
 0.628728749384  -1.82892016
 0.635355413639  -1.85751758
 0.641982077894  -1.88167347
 0.648608742149  -1.90078906
 0.655235406404  -1.91461988
 0.661862070659  -1.92296369
 0.668488734914  -1.92660836
 0.668488734914  -1.92660836
 0.679310028216  -1.8989856
 0.690131329743  -1.83351811
 0.700952623045  -1.75362588
 0.711773924571  -1.67644483
 0.722595217873  -1.60971429
 0.7334165194  -1.56011308
 0.744237812702  -1.5301705
 0.755059114228  -1.52313732
 0.76588040753  -1.53880807
 0.776701709057  -1.57844006
 0.787523002359  -1.64021096
 0.798344303885  -1.7221046
 0.809165597188  -1.81933974
 0.819986898714  -1.92782886
 0.830808192016  -2.04488624
 0.841629493543  -2.15774637
 0.852450786845  -2.16026771
 0.863272088371  -2.17943408
 0.874093381673  -2.21317033
 0.874093381673  -2.21317033
 0.88072004341  -2.21353238
 0.887346710183  -2.21474375
 0.89397337192  -2.21727936
 0.900600038693  -2.22157008
 0.90722670043  -2.22726662
 0.913853367203  -2.23634828
 0.92048002894  -2.24694378
 0.927106695713  -2.259472
 0.93373335745  -2.27473768
 0.940360024223  -2.29031187
 0.94698668596  -2.30753571
 0.953613352733  -2.32629659
 0.96024001447  -2.34464824
 0.966866681243  -2.36256305
 0.97349334298  -2.37905801
 0.980120009753  -2.39321177
 0.98674667149  -2.40358781
 0.993373338263  -2.41049068
 1.0  -2.41229443
 1.0  -0.51817255
 0.993373338263  -0.52007303
 0.98674667149  -0.52808059
 0.980120009753  -0.53844003
 0.97349334298  -0.55349824
 0.966866681243  -0.57373222
 0.96024001447  -0.59680288
 0.953613352733  -0.62479502
 0.94698668596  -0.65622856
 0.940360024223  -0.69006694
 0.93373335745  -0.72460195
 0.927106695713  -0.75737375
 0.92048002894  -0.78850041
 0.913853367203  -0.81770731
 0.90722670043  -0.8439351
 0.900600038693  -0.86599246
 0.89397337192  -0.88386783
 0.887346710183  -0.89662156
 0.88072004341  -0.90404842
 0.874093381673  -0.90668803
 0.874093381673  -0.90668803
 0.863272088371  -0.94237725
 0.852450786845  -0.98990355
 0.841629493543  -1.04791628
 0.830808192016  -1.11066933
 0.819986898714  -1.17450387
 0.809165597188  -1.23541754
 0.798344303885  -1.28588727
 0.787523002359  -1.31932543
 0.776701709057  -1.32280437
 0.76588040753  -1.27691132
 0.755059114228  -1.17210373
 0.744237812702  -1.01782598
 0.7334165194  -0.84001017
 0.722595217873  -0.65740171
 0.711773924571  -0.4848641
 0.700952623045  -0.33396995
 0.690131329743  -0.21746673
 0.679310028216  -0.1427568
 0.668488734914  -0.11788026
 0.668488734914  -0.11788026
 0.661862070659  -0.11961689
 0.655235406404  -0.12746074
 0.648608742149  -0.14036709
 0.641982077894  -0.15821747
 0.635355413639  -0.18081121
 0.628728749384  -0.20822974
 0.622102085129  -0.23950337
 0.615475420874  -0.27436762
 0.608848756619  -0.31274222
 0.602222094882  -0.35445488
 0.595595430627  -0.39752231
 0.588968766372  -0.44119414
 0.582342102117  -0.48666729
 0.575715437862  -0.53102524
 0.569088773607  -0.5716892
 0.562462109352  -0.60663931
 0.555835445097  -0.63500551
 0.549208780842  -0.65344998
 0.542582116587  -0.65986092
 0.542582116587  -0.65986092
 0.531104394505  -0.65615331
 0.519626680662  -0.6461127
 0.50814895858  -0.63611645
 0.49667123989  -0.62861621
 0.485193522654  -0.62511236
 0.473715803964  -0.62418493
 0.462238081882  -0.62258313
 0.450760368039  -0.62380945
 0.439282645957  -0.62845616
 0.427804927267  -0.63502097
 0.416327205185  -0.64667175
 0.404849491342  -0.66370118
 0.39337176926  -0.6880875
 0.38189405057  -0.71821077
 0.370416333334  -0.75464939
 0.358938614644  -0.79586784
 0.347460892562  -0.83590424
 0.335983178719  -0.87034313
 0.324505456637  -0.89257444
 0.324505456637  -0.89257444
 0.320679553153  -0.84920713
 0.3168536424  -0.80747755
 0.313027738916  -0.76738578
 0.309201831071  -0.72915073
 0.305375927587  -0.69200943
 0.301550016834  -0.65787426
 0.29772411335  -0.62653904
 0.293898205505  -0.59690338
 0.290072302021  -0.57074962
 0.286246391268  -0.54632766
 0.282420487785  -0.53016005
 0.278594579939  -0.52773322
 0.274768676456  -0.52560636
 0.270942765703  -0.52378738
 0.267116862219  -0.52228291
 0.263290954374  -0.51964802
 0.25946505089  -0.51882933
 0.255639140137  -0.51833697
 0.251813236653  -0.51817255
 0.251813236653  -0.51817255
 0.238559908143  -0.51492553
 0.225306579633  -0.50629039
 0.212053251123  -0.49133296
 0.198799922613  -0.47309137
 0.185546594103  -0.45177
 0.172293265593  -0.42954873
 0.159039937083  -0.40835379
 0.145786608573  -0.40593153
 0.132533280063  -0.41618827
 0.11927995659  -0.43061606
 0.10602662808  -0.45138346
 0.0927732995697  -0.4761924
 0.0795199710598  -0.50425462
 0.0662666425498  -0.53586541
 0.0530133140399  -0.56839197
 0.0397599855299  -0.60199578
 0.0265066570199  -0.63308831
 0.01325332851  -0.65423865
 0.0  -0.65986092
 0.0  -0.65986092
 0.01325332851  -0.64870306
 0.0265066570199  -0.61694582
 0.0397599855299  -0.57265749
 0.0530133140399  -0.52351173
 0.0662666425498  -0.4777775
 0.0795199710598  -0.4388678
 0.0927732995697  -0.40903118
 0.10602662808  -0.38955991
 0.11927995659  -0.38056296
 0.132533280063  -0.38275741
 0.145786608573  -0.39235716
 0.159039937083  -0.40060808
 0.172293265593  -0.40100161
 0.185546594103  -0.40526436
 0.198799922613  -0.41230557
 0.212053251123  -0.4202191
 0.225306579633  -0.42859099
 0.238559908143  -0.43386794
 0.251813236653  -0.43611331
 0.251813236653  -0.43611331
 0.255639140137  -0.43745065
 0.25946505089  -0.44145911
 0.263290954374  -0.44813181
 0.267116862219  -0.45979286
 0.270942765703  -0.47233343
 0.274768676456  -0.48698223
 0.278594579939  -0.50422142
 0.282420487785  -0.5240158
 0.286246391268  -0.53287806
 0.290072302021  -0.53566995
 0.293898205505  -0.53881428
 0.29772411335  -0.54364668
 0.301550016834  -0.54684154
 0.305375927587  -0.55087623
 0.309201831071  -0.55538239
 0.313027738916  -0.55982799
 0.3168536424  -0.56444718
 0.320679553153  -0.5692198
 0.324505456637  -0.57412407
 0.324505456637  -0.57412407
 0.335983178719  -0.56340068
 0.347460892562  -0.54287079
 0.358938614644  -0.5130697
 0.370416333334  -0.4758212
 0.38189405057  -0.43569319
 0.39337176926  -0.39591744
 0.404849491342  -0.3591353
 0.416327205185  -0.3319623
 0.427804927267  -0.31537673
 0.439282645957  -0.31154702
 0.450760368039  -0.32113968
 0.462238081882  -0.34527709
 0.473715803964  -0.38280063
 0.485193522654  -0.43137095
 0.49667123989  -0.48897043
 0.50814895858  -0.54976072
 0.519626680662  -0.60524066
 0.531104394505  -0.64510911
 0.542582116587  -0.65986092
 0.542582116587  -0.65986092
 0.549208780842  -0.65344998
 0.555835445097  -0.63500551
 0.562462109352  -0.60663931
 0.569088773607  -0.5716892
 0.575715437862  -0.53102524
 0.582342102117  -0.48666729
 0.588968766372  -0.44119413
 0.595595430627  -0.39752231
 0.602222094882  -0.35445488
 0.608848756619  -0.31274222
 0.615475420874  -0.27436762
 0.622102085129  -0.23950337
 0.628728749384  -0.20822974
 0.635355413639  -0.18081121
 0.641982077894  -0.15821747
 0.648608742149  -0.14036709
 0.655235406404  -0.12746074
 0.661862070659  -0.11961689
 0.668488734914  -0.11788026
 0.668488734914  -0.11788026
 0.679310028216  -0.12278894
 0.690131329743  -0.13728511
 0.700952623045  -0.16230325
 0.711773924571  -0.19542916
 0.722595217873  -0.2358227
 0.7334165194  -0.27849603
 0.744237812702  -0.32438087
 0.755059114228  -0.36832389
 0.76588040753  -0.40857253
 0.776701709057  -0.44447398
 0.787523002359  -0.47355884
 0.798344303885  -0.49838119
 0.809165597188  -0.51847152
 0.819986898714  -0.53536732
 0.830808192016  -0.55091401
 0.841629493543  -0.56473401
 0.852450786845  -0.57835155
 0.863272088371  -0.5922718
 0.874093381673  -0.60661809
 0.874093381673  -0.60661809
 0.88072004341  -0.60547437
 0.887346710183  -0.60237731
 0.89397337192  -0.59710468
 0.900600038693  -0.58996674
 0.90722670043  -0.58119931
 0.913853367203  -0.57165668
 0.92048002894  -0.56065526
 0.927106695713  -0.54901967
 0.93373335745  -0.5372308
 0.940360024223  -0.52455035
 0.94698668596  -0.51190276
 0.953613352733  -0.49957775
 0.96024001447  -0.48783959
 0.966866681243  -0.47597573
 0.97349334298  -0.46367797
 0.980120009753  -0.45320513
 0.98674667149  -0.44464425
 0.993373338263  -0.43805117
 1.0  -0.43611331
 1.0  4.73591264
 0.993373338263  4.73907578
 0.98674667149  4.74848806
 0.980120009753  4.76412492
 0.97349334298  4.78589386
 0.966866681243  4.81345165
 0.96024001447  4.84677016
 0.953613352733  4.88542904
 0.94698668596  4.92917344
 0.940360024223  4.9775422
 0.93373335745  5.03009223
 0.927106695713  5.08677259
 0.92048002894  5.14676349
 0.913853367203  5.20948942
 0.90722670043  5.27445676
 0.900600038693  5.34070565
 0.89397337192  5.40750926
 0.887346710183  5.47275399
 0.88072004341  5.53124665
 0.874093381673  5.56122152
 0.874093381673  5.56122144
 0.863272088371  5.51859905
 0.852450786845  5.48649328
 0.841629493543  5.4650508
 0.830808192016  5.45342412
 0.819986898714  5.44959278
 0.809165597188  5.44572526
 0.798344303885  5.41211534
 0.787523002359  5.31568568
 0.776701709057  5.19576046
 0.76588040753  5.07931336
 0.755059114228  4.9736329
 0.744237812702  4.88077462
 0.7334165194  4.80199238
 0.722595217873  4.73734431
 0.711773924571  4.68603582
 0.700952623045  4.64807967
 0.690131329743  4.62168427
 0.679310028216  4.60620996
 0.668488734914  4.60111961
 0.668488734914  4.60111967
 0.661862070659  4.4803408
 0.655235406404  4.34595139
 0.648608742149  4.20202223
 0.641982077894  4.05033602
 0.635355413639  3.89279782
 0.628728749384  3.73055755
 0.622102085129  3.56682939
 0.615475420874  3.40334587
 0.608848756619  3.24048945
 0.602222094882  3.08043084
 0.595595430627  2.92630014
 0.588968766372  2.77974715
 0.582342102117  2.64220965
 0.575715437862  2.51707983
 0.569088773607  2.40924153
 0.562462109352  2.32140091
 0.555835445097  2.25585763
 0.549208780842  2.2147264
 0.542582116587  2.20104636
 0.542582116587  2.20104636
 0.531104394505  2.24205471
 0.519626680662  2.35858854
 0.50814895858  2.53939975
 0.49667123989  2.76728702
 0.485193522654  3.02690575
 0.473715803964  3.3060986
 0.462238081882  3.59537551
 0.450760368039  3.88621875
 0.439282645957  4.17038845
 0.427804927267  4.44215514
 0.416327205185  4.69366972
 0.404849491342  4.91466699
 0.39337176926  5.06998551
 0.38189405057  5.08519813
 0.370416333334  5.05308485
 0.358938614644  5.01247844
 0.347460892562  4.96870362
 0.335983178719  4.92245401
 0.324505456637  4.87454624
 0.324505456637  4.87454631
 0.320679553153  4.86054361
 0.3168536424  4.84727703
 0.313027738916  4.83468031
 0.309201831071  4.82280649
 0.305375927587  4.81170687
 0.301550016834  4.80130807
 0.29772411335  4.79161679
 0.293898205505  4.78274843
 0.290072302021  4.77457487
 0.286246391268  4.76721062
 0.282420487785  4.76061613
 0.278594579939  4.7547936
 0.274768676456  4.74974505
 0.270942765703  4.74547178
 0.267116862219  4.7420723
 0.263290954374  4.73941454
 0.25946505089  4.73746943
 0.255639140137  4.73630209
 0.251813236653  4.73591264
 0.251813236653  4.73591264
 0.238559908143  4.73759484
 0.225306579633  4.74288759
 0.212053251123  4.75288232
 0.198799922613  4.76846102
 0.185546594103  4.78936405
 0.172293265593  4.81397561
 0.159039937083  4.83326722
 0.145786608573  4.81877369
 0.132533280063  4.70921934
 0.11927995659  4.48851703
 0.10602662808  4.20450232
 0.0927732995697  3.88948324
 0.0795199710598  3.56061408
 0.0662666425498  3.23352075
 0.0530133140399  2.92011523
 0.0397599855299  2.63776471
 0.0265066570199  2.4068635
 0.01325332851  2.25517803
 0.0  2.20104636
 0.0  5.83349689
 0.01325332851  5.82194127
 0.0265066570199  5.75632349
 0.0397599855299  5.66637537
 0.0530133140399  5.57876085
 0.0662666425498  5.49531011
 0.0795199710598  5.4158129
 0.0927732995697  5.34034298
 0.10602662808  5.27261859
 0.11927995659  5.22194422
 0.132533280063  5.21358427
 0.145786608573  5.29032491
 0.159039937083  5.43498993
 0.172293265593  5.5853453
 0.185546594103  5.71721699
 0.198799922613  5.82525664
 0.212053251123  5.90908126
 0.225306579633  5.96870114
 0.238559908143  6.00506793
 0.251813236653  6.01721755
 0.251813236653  6.01722031
 0.255639140137  6.01706674
 0.25946505089  6.01659531
 0.263290954374  6.01580716
 0.267116862219  6.0144846
 0.270942765703  6.01288542
 0.274768676456  6.01088605
 0.278594579939  6.0083236
 0.282420487785  6.00515498
 0.286246391268  6.00126432
 0.290072302021  5.99663209
 0.293898205505  5.99108884
 0.29772411335  5.98413653
 0.301550016834  5.97606481
 0.305375927587  5.96628153
 0.309201831071  5.95469501
 0.313027738916  5.94109671
 0.3168536424  5.92517829
 0.320679553153  5.90671373
 0.324505456637  5.88546202
 0.324505456637  5.88545764
 0.335983178719  5.78249672
 0.347460892562  5.68128985
 0.358938614644  5.57567471
 0.370416333334  5.45895451
 0.38189405057  5.32706021
 0.39337176926  5.21304344
 0.404849491342  5.20737431
 0.416327205185  5.2376859
 0.427804927267  5.27472658
 0.439282645957  5.31559534
 0.450760368039  5.36069224
 0.462238081882  5.41036048
 0.473715803964  5.46601774
 0.485193522654  5.52836533
 0.49667123989  5.5975897
 0.50814895858  5.67292848
 0.519626680662  5.75057267
 0.531104394505  5.81267231
 0.542582116587  5.83348982
 0.542582116587  5.83350338
 0.549208780842  5.81472384
 0.555835445097  5.7702975
 0.562462109352  5.71440068
 0.569088773607  5.65359106
 0.575715437862  5.59077288
 0.582342102117  5.5274661
 0.588968766372  5.46456734
 0.595595430627  5.40262423
 0.602222094882  5.34169848
 0.608848756619  5.28192786
 0.615475420874  5.22292052
 0.622102085129  5.16384365
 0.628728749384  5.10364708
 0.635355413639  5.0406886
 0.641982077894  4.97257185
 0.648608742149  4.89686353
 0.655235406404  4.81110086
 0.661862070659  4.71375579
 0.668488734914  4.60528956
 0.668488734914  4.60528956
 0.679310028216  4.63165619
 0.690131329743  4.70829905
 0.700952623045  4.82762805
 0.711773924571  4.97850243
 0.722595217873  5.14655181
 0.7334165194  5.31283601
 0.744237812702  5.45144711
 0.755059114228  5.54102719
 0.76588040753  5.58663188
 0.776701709057  5.60672855
 0.787523002359  5.59036223
 0.798344303885  5.60935266
 0.809165597188  5.61633719
 0.819986898714  5.61765387
 0.830808192016  5.62143922
 0.841629493543  5.62951173
 0.852450786845  5.64297035
 0.863272088371  5.66303323
 0.874093381673  5.69011222
 0.874093381673  5.69011227
 0.88072004341  5.7183869
 0.887346710183  5.77150733
 0.89397337192  5.82749578
 0.900600038693  5.88061435
 0.90722670043  5.92894255
 0.913853367203  5.97082122
 0.92048002894  6.00521177
 0.927106695713  6.03149213
 0.93373335745  6.04970661
 0.940360024223  6.06056165
 0.94698668596  6.06474939
 0.953613352733  6.06326269
 0.96024001447  6.05748739
 0.966866681243  6.04894892
 0.97349334298  6.03976788
 0.980120009753  6.03087566
 0.98674667149  6.02354843
 0.993373338263  6.01890668
 1.0  6.01721851
 1.0  6.86785465
 0.993373338263  6.87606725
 0.98674667149  6.86494408
 0.980120009753  6.85927152
 0.97349334298  6.85277379
 0.966866681243  6.84496543
 0.96024001447  6.83650516
 0.953613352733  6.82480223
 0.94698668596  6.81398347
 0.940360024223  6.8023006
 0.93373335745  6.79252785
 0.927106695713  6.78508338
 0.92048002894  6.77973393
 0.913853367203  6.77706723
 0.90722670043  6.77721914
 0.900600038693  6.77931672
 0.89397337192  6.78317103
 0.887346710183  6.78774203
 0.88072004341  6.79115543
 0.874093381673  6.79210594
 0.874093381673  6.79216948
 0.863272088371  6.60548738
 0.852450786845  6.41346034
 0.841629493543  6.22244756
 0.830808192016  6.03829676
 0.819986898714  5.86486041
 0.809165597188  5.71143115
 0.798344303885  5.61619263
 0.787523002359  5.61442524
 0.776701709057  5.6155139
 0.76588040753  5.656443
 0.755059114228  5.70478799
 0.744237812702  5.75627542
 0.7334165194  5.80758925
 0.722595217873  5.82317276
 0.711773924571  5.80208332
 0.700952623045  5.7866305
 0.690131329743  5.77537074
 0.679310028216  5.76894488
 0.668488734914  5.7665078
 0.668488734914  5.76653012
 0.661862070659  5.77547235
 0.655235406404  5.7993782
 0.648608742149  5.8379105
 0.641982077894  5.88675939
 0.635355413639  5.94029997
 0.628728749384  5.98949194
 0.622102085129  5.99240751
 0.615475420874  5.99552923
 0.608848756619  5.9987282
 0.602222094882  6.00193169
 0.595595430627  6.00508545
 0.588968766372  6.00798603
 0.582342102117  6.01070886
 0.575715437862  6.01306869
 0.569088773607  6.01512798
 0.562462109352  6.01690374
 0.555835445097  6.01810131
 0.549208780842  6.01877209
 0.542582116587  6.01901359
 0.542582116587  6.01901293
 0.531104394505  5.94653702
 0.519626680662  5.91612416
 0.50814895858  5.90952655
 0.49667123989  5.9115142
 0.485193522654  5.91834976
 0.473715803964  5.92971354
 0.462238081882  5.94569938
 0.450760368039  5.96826083
 0.439282645957  5.99706183
 0.427804927267  6.03346714
 0.416327205185  6.07727688
 0.404849491342  6.12736883
 0.39337176926  6.17974567
 0.38189405057  6.23204124
 0.370416333334  6.28370216
 0.358938614644  6.3378324
 0.347460892562  6.39857723
 0.335983178719  6.46749436
 0.324505456637  6.54409082
 0.324505456637  6.54493615
 0.320679553153  6.57898147
 0.3168536424  6.61460959
 0.313027738916  6.65024775
 0.309201831071  6.68554007
 0.305375927587  6.71882374
 0.301550016834  6.75114532
 0.29772411335  6.77986119
 0.293898205505  6.80561998
 0.290072302021  6.82744235
 0.286246391268  6.84308713
 0.282420487785  6.85543364
 0.278594579939  6.86446588
 0.274768676456  6.88295806
 0.270942765703  6.86975828
 0.267116862219  6.86982236
 0.263290954374  6.86965735
 0.25946505089  6.87233984
 0.255639140137  6.86810614
 0.251813236653  6.86813358
 0.251813236653  6.8677978
 0.238559908143  6.86222407
 0.225306579633  6.84352611
 0.212053251123  6.80708539
 0.198799922613  6.75069365
 0.185546594103  6.67359405
 0.172293265593  6.58087545
 0.159039937083  6.48090171
 0.145786608573  6.37834531
 0.132533280063  6.28181025
 0.11927995659  6.19460137
 0.10602662808  6.11793203
 0.0927732995697  6.0528746
 0.0795199710598  5.99831302
 0.0662666425498  5.95398533
 0.0530133140399  5.91957547
 0.0397599855299  5.89521724
 0.0265066570199  5.884517
 0.01325332851  5.91658223
 0.0  6.01901287
 0.0  6.01908791
 0.01325332851  6.02639547
 0.0265066570199  6.04660871
 0.0397599855299  6.07691254
 0.0530133140399  6.12091874
 0.0662666425498  6.17515642
 0.0795199710598  6.238796
 0.0927732995697  6.31091245
 0.10602662808  6.39079196
 0.11927995659  6.47196308
 0.132533280063  6.55866034
 0.145786608573  6.64587296
 0.159039937083  6.73499148
 0.172293265593  6.82098519
 0.185546594103  6.88775475
 0.198799922613  6.95520903
 0.212053251123  7.00931628
 0.225306579633  7.05434041
 0.238559908143  7.07150527
 0.251813236653  7.0793813
 0.251813236653  7.08047582
 0.255639140137  7.08135302
 0.25946505089  7.08043696
 0.263290954374  7.0774527
 0.267116862219  7.08083993
 0.270942765703  7.06941414
 0.274768676456  7.07209099
 0.278594579939  7.05712031
 0.282420487785  7.04575946
 0.286246391268  7.0384341
 0.290072302021  7.02729313
 0.293898205505  7.01714893
 0.29772411335  7.01341437
 0.301550016834  7.00624225
 0.305375927587  6.97964761
 0.309201831071  6.96616423
 0.313027738916  6.95251658
 0.3168536424  6.93614218
 0.320679553153  6.9227745
 0.324505456637  6.93224133
 0.324505456637  6.90278487
 0.335983178719  6.85413128
 0.347460892562  6.7930683
 0.358938614644  6.73194944
 0.370416333334  6.67221811
 0.38189405057  6.60756944
 0.39337176926  6.53926128
 0.404849491342  6.47549875
 0.416327205185  6.41343814
 0.427804927267  6.35095169
 0.439282645957  6.29324498
 0.450760368039  6.23971162
 0.462238081882  6.19120571
 0.473715803964  6.14956073
 0.485193522654  6.10912676
 0.49667123989  6.07830983
 0.50814895858  6.05251694
 0.519626680662  6.03379703
 0.531104394505  6.02417307
 0.542582116587  6.01905639
 0.542582116587  6.01936763
 0.549208780842  6.01883462
 0.555835445097  6.01822385
 0.562462109352  6.01748851
 0.569088773607  6.01524458
 0.575715437862  6.01325404
 0.582342102117  6.0111094
 0.588968766372  6.00813362
 0.595595430627  6.00512578
 0.602222094882  6.00250974
 0.608848756619  6.00007465
 0.615475420874  5.99663177
 0.622102085129  5.99298891
 0.628728749384  5.99021962
 0.635355413639  5.986903
 0.641982077894  5.98483538
 0.648608742149  5.98273905
 0.655235406404  5.98143607
 0.661862070659  5.98053412
 0.668488734914  5.98028455
 0.668488734914  5.98020858
 0.679310028216  5.97539545
 0.690131329743  5.95986984
 0.700952623045  5.93429102
 0.711773924571  5.89970896
 0.722595217873  5.85613004
 0.7334165194  5.86342564
 0.744237812702  5.93859997
 0.755059114228  6.06331122
 0.76588040753  6.22112573
 0.776701709057  6.41705183
 0.787523002359  6.55106992
 0.798344303885  6.67950156
 0.809165597188  6.77182068
 0.819986898714  6.83961246
 0.830808192016  6.89310445
 0.841629493543  6.92255327
 0.852450786845  6.93460875
 0.863272088371  6.92429514
 0.874093381673  6.89052302
 0.874093381673  6.89043114
 0.88072004341  6.89297733
 0.887346710183  6.89992667
 0.89397337192  6.9100195
 0.900600038693  6.92300034
 0.90722670043  6.93637508
 0.913853367203  6.95089597
 0.92048002894  6.96702098
 0.927106695713  6.98292182
 0.93373335745  6.99785765
 0.940360024223  7.01416382
 0.94698668596  7.03466749
 0.953613352733  7.05116987
 0.96024001447  7.09501132
 0.966866681243  7.06860947
 0.97349334298  7.09006902
 0.980120009753  7.08005164
 0.98674667149  7.08176043
 0.993373338263  7.08606767
 1.0  7.0810258
 1.0  7.18048718
 0.993373338263  7.55023021
 0.98674667149  7.23070379
 0.980120009753  7.24443438
 0.97349334298  7.38519196
 0.966866681243  7.297847
 0.96024001447  7.56239682
 0.953613352733  7.33128319
 0.94698668596  7.30990222
 0.940360024223  7.32810765
 0.93373335745  7.32704331
 0.927106695713  7.33236787
 0.92048002894  7.33283728
 0.913853367203  7.33202592
 0.90722670043  7.32912935
 0.900600038693  7.32569319
 0.89397337192  7.32333063
 0.887346710183  7.32655495
 0.88072004341  7.32065495
 0.874093381673  7.32119737
 0.874093381673  7.32007778
 0.863272088371  7.27723692
 0.852450786845  7.22649304
 0.841629493543  7.16502652
 0.830808192016  7.09557104
 0.819986898714  6.99458985
 0.809165597188  6.88479184
 0.798344303885  6.75597105
 0.787523002359  6.64118301
 0.776701709057  6.54151617
 0.76588040753  6.44585595
 0.755059114228  6.35684673
 0.744237812702  6.27293563
 0.7334165194  6.19433897
 0.722595217873  6.14011134
 0.711773924571  6.07597948
 0.700952623045  6.03483688
 0.690131329743  6.00458852
 0.679310028216  5.99063828
 0.668488734914  5.98024041
 0.668488734914  5.98083113
 0.661862070659  5.98099104
 0.655235406404  5.9819802
 0.648608742149  5.98331507
 0.641982077894  5.98562129
 0.635355413639  5.98823022
 0.628728749384  5.99971018
 0.622102085129  6.04657468
 0.615475420874  6.10709576
 0.608848756619  6.13472113
 0.602222094882  6.159601
 0.595595430627  6.17515047
 0.588968766372  6.18266815
 0.582342102117  6.17973475
 0.575715437862  6.16005101
 0.569088773607  6.13543724
 0.562462109352  6.10746709
 0.555835445097  6.06779751
 0.549208780842  6.03545432
 0.542582116587  6.02135835
 0.542582116587  6.0202839
 0.531104394505  6.12767093
 0.519626680662  6.22487223
 0.50814895858  6.32291986
 0.49667123989  6.42497226
 0.485193522654  6.47439606
 0.473715803964  6.51693931
 0.462238081882  6.54235585
 0.450760368039  6.55694371
 0.439282645957  6.58678116
 0.427804927267  6.56573544
 0.416327205185  6.56338443
 0.404849491342  6.6059099
 0.39337176926  6.63404601
 0.38189405057  6.72604113
 0.370416333334  6.92607998
 0.358938614644  6.90882867
 0.347460892562  7.09351851
 0.335983178719  7.16221508
 0.324505456637  7.27749295
 0.324505456637  7.49687585
 0.320679553153  7.2729551
 0.3168536424  7.24831561
 0.313027738916  7.50788176
 0.309201831071  7.2863564
 0.305375927587  7.20966912
 0.301550016834  7.25768727
 0.29772411335  7.27548783
 0.293898205505  7.29962372
 0.290072302021  7.23071471
 0.286246391268  7.14004463
 0.282420487785  7.14244009
 0.278594579939  7.16454549
 0.274768676456  7.49002403
 0.270942765703  7.24573824
 0.267116862219  7.42362966
 0.263290954374  7.24430101
 0.25946505089  7.24995345
 0.255639140137  7.29102349
 0.251813236653  7.19188026
 0.251813236653  7.17368537
 0.238559908143  7.18702657
 0.225306579633  7.22748637
 0.212053251123  7.22424305
 0.198799922613  7.2076507
 0.185546594103  7.18014832
 0.172293265593  7.29489816
 0.159039937083  7.26406619
 0.145786608573  7.10182526
 0.132533280063  6.99046686
 0.11927995659  7.20153759
 0.10602662808  6.84467712
 0.0927732995697  6.79268147
 0.0795199710598  6.70512311
 0.0662666425498  6.62619785
 0.0530133140399  6.53749724
 0.0397599855299  6.42554305
 0.0265066570199  6.28778897
 0.01325332851  6.14833691
 0.0  6.02090993
