# E(eV)    s        py       pz       px       dxy      dyz      dz2      dxz      dx2-y2      Total
-19.770790 0.000000 0.000000 0.000000 0.000000 0.000000 0.000000 0.000000 0.000000 0.000000 0.000000
-19.672790 0.000000 0.000000 0.000000 0.000000 0.000000 0.000000 0.000000 0.000000 0.000000 0.000000
-19.574790 0.000000 0.000000 0.000000 0.000000 0.000000 0.000000 0.000000 0.000000 0.000000 0.000000
-19.476790 0.000000 0.000000 0.000000 0.000000 0.000000 0.000000 0.000000 0.000000 0.000000 0.000000
-19.377790 0.000000 0.000000 0.000000 0.000000 0.000000 0.000000 0.000000 0.000000 0.000000 0.000000
-19.279790 0.000000 0.000000 0.000000 0.000000 0.000000 0.000000 0.000000 0.000000 0.000000 0.000000
-19.181790 0.000000 0.000000 0.000000 0.000000 0.000000 0.000000 0.000000 0.000000 0.000000 0.000000
-19.083790 0.000000 0.000000 0.000000 0.000000 0.000000 0.000000 0.000000 0.000000 0.000000 0.000000
-18.984790 0.000000 0.000000 0.000000 0.000000 0.000000 0.000000 0.000000 0.000000 0.000000 0.000000
-18.886790 0.000000 0.000000 0.000000 0.000000 0.000000 0.000000 0.000000 0.000000 0.000000 0.000000
-18.788790 0.000000 0.000000 0.000000 0.000000 0.000000 0.000000 0.000000 0.000000 0.000000 0.000000
-18.690790 0.000000 0.000000 0.000000 0.000000 0.000000 0.000000 0.000000 0.000000 0.000000 0.000000
-18.592790 0.000000 0.000000 0.000000 0.000000 0.000000 0.000000 0.000000 0.000000 0.000000 0.000000
-18.493790 0.000000 0.000000 0.000000 0.000000 0.000000 0.000000 0.000000 0.000000 0.000000 0.000000
-18.395790 0.000000 0.000000 0.000000 0.000000 0.000000 0.000000 0.000000 0.000000 0.000000 0.000000
-18.297790 0.000000 0.000000 0.000000 0.000000 0.000000 0.000000 0.000000 0.000000 0.000000 0.000000
-18.199790 0.000000 0.000000 0.000000 0.000000 0.000000 0.000000 0.000000 0.000000 0.000000 0.000000
-18.100790 0.000000 0.000000 0.000000 0.000000 0.000000 0.000000 0.000000 0.000000 0.000000 0.000000
-18.002790 0.000000 0.000000 0.000000 0.000000 0.000000 0.000000 0.000000 0.000000 0.000000 0.000000
-17.904790 0.000000 0.000000 0.000000 0.000000 0.000000 0.000000 0.000000 0.000000 0.000000 0.000000
-17.806790 0.000000 0.000000 0.000000 0.000000 0.000000 0.000000 0.000000 0.000000 0.000000 0.000000
-17.707790 0.004002 0.000028 0.000018 0.000083 0.000000 0.000000 0.000001 0.000000 0.000001 0.004132
-17.609790 0.006267 0.000161 0.000068 0.000368 0.000000 0.000000 0.000009 0.000000 0.000016 0.006889
-17.511790 0.008336 0.000359 0.000147 0.000788 0.000000 0.000000 0.000032 0.000000 0.000050 0.009712
-17.413790 0.009436 0.000654 0.000303 0.001328 0.000001 0.000000 0.000076 0.000001 0.000128 0.011927
-17.314790 0.010670 0.001014 0.000541 0.002147 0.000002 0.000000 0.000157 0.000001 0.000287 0.014820
-17.216790 0.011880 0.001585 0.000910 0.002836 0.000003 0.000001 0.000323 0.000001 0.000522 0.018061
-17.118790 0.013620 0.002185 0.002108 0.003638 0.000003 0.000002 0.000644 0.000002 0.000943 0.023146
-17.020790 0.013880 0.003663 0.004205 0.004828 0.000004 0.000004 0.001653 0.000003 0.001625 0.029865
-16.921790 0.013230 0.006691 0.008327 0.007453 0.000005 0.000007 0.005034 0.000004 0.003199 0.043949
-16.823790 0.008593 0.012010 0.012130 0.010680 0.000005 0.000010 0.018920 0.000003 0.006107 0.068458
-16.725790 0.000000 0.000000 0.000000 0.000000 0.000000 0.000000 0.000000 0.000000 0.000000 0.000000
-16.627790 0.000000 0.000000 0.000000 0.000000 0.000000 0.000000 0.000000 0.000000 0.000000 0.000000
-16.528790 0.000000 0.000000 0.000000 0.000000 0.000000 0.000000 0.000000 0.000000 0.000000 0.000000
-16.430790 0.000000 0.000000 0.000000 0.000000 0.000000 0.000000 0.000000 0.000000 0.000000 0.000000
-16.332790 0.000000 0.000000 0.000000 0.000000 0.000000 0.000000 0.000000 0.000000 0.000000 0.000000
-16.234790 0.000000 0.000000 0.000000 0.000000 0.000000 0.000000 0.000000 0.000000 0.000000 0.000000
-16.135790 0.000000 0.000000 0.000000 0.000000 0.000000 0.000000 0.000000 0.000000 0.000000 0.000000
-16.037790 0.000000 0.000000 0.000000 0.000000 0.000000 0.000000 0.000000 0.000000 0.000000 0.000000
-15.939790 0.000000 0.000000 0.000000 0.000000 0.000000 0.000000 0.000000 0.000000 0.000000 0.000000
-15.841790 0.000000 0.000000 0.000000 0.000000 0.000000 0.000000 0.000000 0.000000 0.000000 0.000000
-15.743790 0.000000 0.000000 0.000000 0.000000 0.000000 0.000000 0.000000 0.000000 0.000000 0.000000
-15.644790 0.000000 0.000000 0.000000 0.000000 0.000000 0.000000 0.000000 0.000000 0.000000 0.000000
-15.546790 0.000000 0.000000 0.000000 0.000000 0.000000 0.000000 0.000000 0.000000 0.000000 0.000000
-15.448790 0.000000 0.000000 0.000000 0.000000 0.000000 0.000000 0.000000 0.000000 0.000000 0.000000
-15.350790 0.000000 0.000000 0.000000 0.000000 0.000000 0.000000 0.000000 0.000000 0.000000 0.000000
-15.251790 0.000000 0.000000 0.000000 0.000000 0.000000 0.000000 0.000000 0.000000 0.000000 0.000000
-15.153790 0.000000 0.000000 0.000000 0.000000 0.000000 0.000000 0.000000 0.000000 0.000000 0.000000
-15.055790 0.000000 0.000000 0.000000 0.000000 0.000000 0.000000 0.000000 0.000000 0.000000 0.000000
-14.957790 0.000000 0.000000 0.000000 0.000000 0.000000 0.000000 0.000000 0.000000 0.000000 0.000000
-14.858790 0.000000 0.000000 0.000000 0.000000 0.000000 0.000000 0.000000 0.000000 0.000000 0.000000
-14.760790 0.000000 0.000000 0.000000 0.000000 0.000000 0.000000 0.000000 0.000000 0.000000 0.000000
-14.662790 0.000000 0.000000 0.000000 0.000000 0.000000 0.000000 0.000000 0.000000 0.000000 0.000000
-14.564790 0.000000 0.000000 0.000000 0.000000 0.000000 0.000000 0.000000 0.000000 0.000000 0.000000
-14.465790 0.000000 0.000000 0.000000 0.000000 0.000000 0.000000 0.000000 0.000000 0.000000 0.000000
-14.367790 0.000000 0.000000 0.000000 0.000000 0.000000 0.000000 0.000000 0.000000 0.000000 0.000000
-14.269790 0.000000 0.000000 0.000000 0.000000 0.000000 0.000000 0.000000 0.000000 0.000000 0.000000
-14.171790 0.000000 0.000000 0.000000 0.000000 0.000000 0.000000 0.000000 0.000000 0.000000 0.000000
-14.072790 0.000000 0.000000 0.000000 0.000000 0.000000 0.000000 0.000000 0.000000 0.000000 0.000000
-13.974790 0.000000 0.000000 0.000000 0.000000 0.000000 0.000000 0.000000 0.000000 0.000000 0.000000
-13.876790 0.000000 0.000000 0.000000 0.000000 0.000000 0.000000 0.000000 0.000000 0.000000 0.000000
-13.778790 0.000000 0.000000 0.000000 0.000000 0.000000 0.000000 0.000000 0.000000 0.000000 0.000000
-13.679790 0.000000 0.000000 0.000000 0.000000 0.000000 0.000000 0.000000 0.000000 0.000000 0.000000
-13.581790 0.000000 0.000000 0.000000 0.000000 0.000000 0.000000 0.000000 0.000000 0.000000 0.000000
-13.483790 0.000000 0.000000 0.000000 0.000000 0.000000 0.000000 0.000000 0.000000 0.000000 0.000000
-13.385790 0.000000 0.000000 0.000000 0.000000 0.000000 0.000000 0.000000 0.000000 0.000000 0.000000
-13.286790 0.000000 0.000000 0.000000 0.000000 0.000000 0.000000 0.000000 0.000000 0.000000 0.000000
-13.188790 0.000000 0.000000 0.000000 0.000000 0.000000 0.000000 0.000000 0.000000 0.000000 0.000000
-13.090790 0.000000 0.000000 0.000000 0.000000 0.000000 0.000000 0.000000 0.000000 0.000000 0.000000
-12.992790 0.000000 0.000000 0.000000 0.000000 0.000000 0.000000 0.000000 0.000000 0.000000 0.000000
-12.893790 0.000000 0.000000 0.000000 0.000000 0.000000 0.000000 0.000000 0.000000 0.000000 0.000000
-12.795790 0.000000 0.000000 0.000000 0.000000 0.000000 0.000000 0.000000 0.000000 0.000000 0.000000
-12.697790 0.000000 0.000000 0.000000 0.000000 0.000000 0.000000 0.000000 0.000000 0.000000 0.000000
-12.599790 0.000000 0.000000 0.000000 0.000000 0.000000 0.000000 0.000000 0.000000 0.000000 0.000000
-12.501790 0.000000 0.000000 0.000000 0.000000 0.000000 0.000000 0.000000 0.000000 0.000000 0.000000
-12.402790 0.000000 0.000000 0.000000 0.000000 0.000000 0.000000 0.000000 0.000000 0.000000 0.000000
-12.304790 0.000000 0.000000 0.000000 0.000000 0.000000 0.000000 0.000000 0.000000 0.000000 0.000000
-12.206790 0.000000 0.000000 0.000000 0.000000 0.000000 0.000000 0.000000 0.000000 0.000000 0.000000
-12.108790 0.000000 0.000000 0.000000 0.000000 0.000000 0.000000 0.000000 0.000000 0.000000 0.000000
-12.009790 0.000000 0.000000 0.000000 0.000000 0.000000 0.000000 0.000000 0.000000 0.000000 0.000000
-11.911790 0.000000 0.000000 0.000000 0.000000 0.000000 0.000000 0.000000 0.000000 0.000000 0.000000
-11.813790 0.000000 0.000000 0.000000 0.000000 0.000000 0.000000 0.000000 0.000000 0.000000 0.000000
-11.715790 0.000000 0.000000 0.000000 0.000000 0.000000 0.000000 0.000000 0.000000 0.000000 0.000000
-11.616790 0.000000 0.000000 0.000000 0.000000 0.000000 0.000000 0.000000 0.000000 0.000000 0.000000
-11.518790 0.000000 0.000000 0.000000 0.000000 0.000000 0.000000 0.000000 0.000000 0.000000 0.000000
-11.420790 0.000000 0.000000 0.000000 0.000000 0.000000 0.000000 0.000000 0.000000 0.000000 0.000000
-11.322790 0.000000 0.000000 0.000000 0.000000 0.000000 0.000000 0.000000 0.000000 0.000000 0.000000
-11.223790 0.000000 0.000000 0.000000 0.000000 0.000000 0.000000 0.000000 0.000000 0.000000 0.000000
-11.125790 0.000000 0.000000 0.000000 0.000000 0.000000 0.000000 0.000000 0.000000 0.000000 0.000000
-11.027790 0.000000 0.000000 0.000000 0.000000 0.000000 0.000000 0.000000 0.000000 0.000000 0.000000
-10.929790 0.000000 0.000000 0.000000 0.000000 0.000000 0.000000 0.000000 0.000000 0.000000 0.000000
-10.830790 0.000000 0.000000 0.000000 0.000000 0.000000 0.000000 0.000000 0.000000 0.000000 0.000000
-10.732790 0.000000 0.000000 0.000000 0.000000 0.000000 0.000000 0.000000 0.000000 0.000000 0.000000
-10.634790 0.000000 0.000000 0.000000 0.000000 0.000000 0.000000 0.000000 0.000000 0.000000 0.000000
-10.536790 0.000000 0.000000 0.000000 0.000000 0.000000 0.000000 0.000000 0.000000 0.000000 0.000000
-10.437790 0.000000 0.000000 0.000000 0.000000 0.000000 0.000000 0.000000 0.000000 0.000000 0.000000
-10.339790 0.000000 0.000000 0.000000 0.000000 0.000000 0.000000 0.000000 0.000000 0.000000 0.000000
-10.241790 0.000000 0.000000 0.000000 0.000000 0.000000 0.000000 0.000000 0.000000 0.000000 0.000000
-10.143790 0.000000 0.000000 0.000000 0.000000 0.000000 0.000000 0.000000 0.000000 0.000000 0.000000
-10.044790 0.000000 0.000000 0.000000 0.000000 0.000000 0.000000 0.000000 0.000000 0.000000 0.000000
-9.946790 0.000000 0.000000 0.000000 0.000000 0.000000 0.000000 0.000000 0.000000 0.000000 0.000000
-9.848790 0.000000 0.000000 0.000000 0.000000 0.000000 0.000000 0.000000 0.000000 0.000000 0.000000
-9.750790 0.000000 0.000000 0.000000 0.000000 0.000000 0.000000 0.000000 0.000000 0.000000 0.000000
-9.651790 0.000000 0.000000 0.000000 0.000000 0.000000 0.000000 0.000000 0.000000 0.000000 0.000000
-9.553790 0.000000 0.000000 0.000000 0.000000 0.000000 0.000000 0.000000 0.000000 0.000000 0.000000
-9.455790 0.000000 0.000000 0.000000 0.000000 0.000000 0.000000 0.000000 0.000000 0.000000 0.000000
-9.357790 0.000000 0.000000 0.000000 0.000000 0.000000 0.000000 0.000000 0.000000 0.000000 0.000000
-9.259790 0.000000 0.000000 0.000000 0.000000 0.000000 0.000000 0.000000 0.000000 0.000000 0.000000
-9.160790 0.000000 0.000000 0.000000 0.000000 0.000000 0.000000 0.000000 0.000000 0.000000 0.000000
-9.062790 0.000000 0.000000 0.000000 0.000000 0.000000 0.000000 0.000000 0.000000 0.000000 0.000000
-8.964790 0.000000 0.000000 0.000000 0.000000 0.000000 0.000000 0.000000 0.000000 0.000000 0.000000
-8.866790 0.000000 0.000000 0.000000 0.000000 0.000000 0.000000 0.000000 0.000000 0.000000 0.000000
-8.767790 0.000000 0.000000 0.000000 0.000000 0.000000 0.000000 0.000000 0.000000 0.000000 0.000000
-8.669790 0.000000 0.000000 0.000000 0.000000 0.000000 0.000000 0.000000 0.000000 0.000000 0.000000
-8.571790 0.000000 0.000000 0.000000 0.000000 0.000000 0.000000 0.000000 0.000000 0.000000 0.000000
-8.473790 0.000000 0.000000 0.000000 0.000000 0.000000 0.000000 0.000000 0.000000 0.000000 0.000000
-8.374790 0.000000 0.000000 0.000000 0.000000 0.000000 0.000000 0.000000 0.000000 0.000000 0.000000
-8.276790 0.000000 0.000000 0.000000 0.000000 0.000000 0.000000 0.000000 0.000000 0.000000 0.000000
-8.178790 0.000000 0.000000 0.000000 0.000000 0.000000 0.000000 0.000000 0.000000 0.000000 0.000000
-8.080790 0.000000 0.000000 0.000000 0.000000 0.000000 0.000000 0.000000 0.000000 0.000000 0.000000
-7.981790 0.000000 0.000000 0.000000 0.000000 0.000000 0.000000 0.000000 0.000000 0.000000 0.000000
-7.883790 0.000000 0.000000 0.000000 0.000000 0.000000 0.000000 0.000000 0.000000 0.000000 0.000000
-7.785790 0.000000 0.000000 0.000000 0.000000 0.000000 0.000000 0.000000 0.000000 0.000000 0.000000
-7.687790 0.000000 0.000000 0.000000 0.000000 0.000000 0.000000 0.000000 0.000000 0.000000 0.000000
-7.588790 0.000000 0.000000 0.000000 0.000000 0.000000 0.000000 0.000000 0.000000 0.000000 0.000000
-7.490790 0.000000 0.000000 0.000000 0.000000 0.000000 0.000000 0.000000 0.000000 0.000000 0.000000
-7.392790 0.000000 0.000000 0.000000 0.000000 0.000000 0.000000 0.000000 0.000000 0.000000 0.000000
-7.294790 0.000000 0.000000 0.000000 0.000000 0.000000 0.000000 0.000000 0.000000 0.000000 0.000000
-7.195790 0.000000 0.000000 0.000000 0.000000 0.000000 0.000000 0.000000 0.000000 0.000000 0.000000
-7.097790 0.000000 0.000000 0.000000 0.000000 0.000000 0.000000 0.000000 0.000000 0.000000 0.000000
-6.999790 0.000000 0.000000 0.000000 0.000000 0.000000 0.000000 0.000000 0.000000 0.000000 0.000000
-6.901790 0.000000 0.000000 0.000000 0.000000 0.000000 0.000000 0.000000 0.000000 0.000000 0.000000
-6.802790 0.000000 0.000000 0.000000 0.000000 0.000000 0.000000 0.000000 0.000000 0.000000 0.000000
-6.704790 0.000000 0.000000 0.000000 0.000000 0.000000 0.000000 0.000000 0.000000 0.000000 0.000000
-6.606790 0.000000 0.000000 0.000000 0.000000 0.000000 0.000000 0.000000 0.000000 0.000000 0.000000
-6.508790 0.000000 0.000000 0.000000 0.000000 0.000000 0.000000 0.000000 0.000000 0.000000 0.000000
-6.410790 0.000000 0.000000 0.000000 0.000000 0.000000 0.000000 0.000000 0.000000 0.000000 0.000000
-6.311790 0.000000 0.000000 0.000000 0.000000 0.000000 0.000000 0.000000 0.000000 0.000000 0.000000
-6.213790 0.000933 0.000005 0.000005 0.000012 0.000059 0.000083 0.000001 0.000080 0.000000 0.001178
-6.115790 0.010610 0.000065 0.000117 0.000190 0.000603 0.001015 0.000017 0.000961 0.000013 0.013591
-6.017790 0.016870 0.000218 0.000389 0.000630 0.000929 0.001553 0.000070 0.001473 0.000066 0.022197
-5.918790 0.022830 0.000413 0.000815 0.001391 0.001348 0.001865 0.000152 0.001782 0.000166 0.030763
-5.820790 0.031740 0.000810 0.001600 0.002802 0.001842 0.002328 0.000324 0.002103 0.000330 0.043879
-5.722790 0.064050 0.002378 0.004092 0.005741 0.002512 0.003703 0.000750 0.002649 0.000704 0.086579
-5.624790 0.084770 0.004287 0.005760 0.005975 0.004257 0.003381 0.001352 0.003108 0.000881 0.113771
-5.525790 0.071370 0.004907 0.004120 0.003778 0.003519 0.003088 0.001253 0.002551 0.000620 0.095206
-5.427790 0.007686 0.000647 0.000952 0.002729 0.000352 0.000369 0.000234 0.000268 0.000253 0.013491
-5.329790 0.011660 0.003583 0.006122 0.018100 0.000973 0.000589 0.000770 0.000496 0.001484 0.043777
-5.231790 0.008685 0.006743 0.017550 0.018230 0.001195 0.001031 0.001769 0.000510 0.002097 0.057810
-5.132790 0.006661 0.006212 0.019770 0.015060 0.001371 0.002150 0.007191 0.001734 0.005940 0.066089
-5.034790 0.003992 0.005007 0.012350 0.011440 0.002082 0.001290 0.008738 0.001544 0.006606 0.053049
-4.936790 0.004994 0.013710 0.020270 0.015960 0.005257 0.006389 0.013430 0.004927 0.012550 0.097487
-4.838790 0.000772 0.003329 0.006717 0.005035 0.001218 0.001882 0.003219 0.001327 0.003478 0.026977
-4.739790 0.000911 0.000893 0.003020 0.001651 0.000626 0.000673 0.001290 0.000741 0.001140 0.010945
-4.641790 0.003602 0.004463 0.010200 0.007229 0.002962 0.002865 0.005933 0.002449 0.009431 0.049134
-4.543790 0.004668 0.004759 0.018680 0.005943 0.003267 0.003106 0.006225 0.002735 0.008889 0.058272
-4.445790 0.010280 0.003355 0.008731 0.007244 0.004779 0.003335 0.010970 0.003969 0.008954 0.061617
-4.346790 0.013840 0.003177 0.002668 0.006031 0.005286 0.003811 0.009756 0.003890 0.009231 0.057690
-4.248790 0.001171 0.001926 0.001985 0.002403 0.003013 0.002114 0.004895 0.000885 0.003877 0.022269
-4.150790 0.001963 0.002176 0.002753 0.002443 0.003879 0.002298 0.005206 0.001098 0.005665 0.027481
-4.052790 0.002206 0.001852 0.003111 0.001672 0.003845 0.002268 0.005035 0.001174 0.005201 0.026364
-3.953790 0.002793 0.000910 0.002067 0.001131 0.002663 0.001777 0.003383 0.000684 0.002545 0.017953
-3.855790 0.001050 0.000272 0.000486 0.000377 0.000680 0.000656 0.001169 0.000229 0.000855 0.005774
-3.757790 0.000142 0.000087 0.000133 0.000064 0.000129 0.000179 0.000314 0.000057 0.000301 0.001406
-3.659790 0.005360 0.000804 0.001365 0.001331 0.000546 0.001570 0.000833 0.002167 0.000655 0.014631
-3.560790 0.009561 0.002382 0.004676 0.004104 0.001877 0.004293 0.003780 0.004643 0.003254 0.038570
-3.462790 0.012230 0.004598 0.014560 0.011330 0.003947 0.010350 0.009197 0.010990 0.009666 0.086868
-3.364790 0.015980 0.003317 0.019120 0.006241 0.004770 0.014030 0.013090 0.010010 0.017200 0.103758
-3.266790 0.016380 0.001200 0.004083 0.003647 0.003344 0.006997 0.005476 0.006388 0.007553 0.055068
-3.168790 0.014830 0.000779 0.001503 0.001382 0.002929 0.006167 0.001510 0.004243 0.003741 0.037084
-3.069790 0.007272 0.001828 0.000584 0.001874 0.001121 0.004265 0.002593 0.001823 0.006054 0.027414
-2.971790 0.016480 0.008006 0.001899 0.005658 0.004552 0.008184 0.009794 0.003965 0.012040 0.070578
-2.873790 0.020220 0.006358 0.001723 0.004138 0.005302 0.005062 0.008647 0.003236 0.007180 0.061866
-2.775790 0.017290 0.003372 0.001587 0.003211 0.004378 0.002475 0.006534 0.002761 0.004806 0.046414
-2.676790 0.025200 0.006249 0.001750 0.006803 0.006570 0.003127 0.011690 0.003503 0.005567 0.070459
-2.578790 0.036050 0.008574 0.004124 0.011120 0.009223 0.003492 0.022240 0.004767 0.009831 0.109421
-2.480790 0.033370 0.006574 0.003781 0.011280 0.007772 0.002576 0.024010 0.004093 0.012100 0.105556
-2.382790 0.022410 0.005182 0.001848 0.010850 0.004679 0.001429 0.017310 0.002437 0.010590 0.076735
-2.283790 0.023850 0.013810 0.002325 0.009946 0.003178 0.001284 0.015880 0.001806 0.023510 0.095589
-2.185790 0.026470 0.013350 0.004200 0.008804 0.003221 0.001547 0.019550 0.003157 0.020540 0.100839
-2.087790 0.020870 0.012600 0.006075 0.008946 0.002661 0.001883 0.018210 0.002880 0.017390 0.091515
-1.989790 0.013320 0.007092 0.003598 0.005913 0.001553 0.001323 0.013700 0.002142 0.012630 0.061271
-1.890790 0.009475 0.005314 0.003155 0.004594 0.001285 0.001158 0.011060 0.002014 0.012600 0.050655
-1.792790 0.007465 0.004335 0.003349 0.004075 0.001533 0.001535 0.014530 0.002661 0.020380 0.059863
-1.694790 0.005213 0.003811 0.003641 0.002670 0.001459 0.001196 0.010900 0.002340 0.016660 0.047890
-1.596790 0.003965 0.002905 0.003960 0.002032 0.001249 0.001195 0.008246 0.001744 0.013110 0.038406
-1.497790 0.004209 0.002173 0.004115 0.001941 0.001103 0.001336 0.007154 0.001238 0.011050 0.034319
-1.399790 0.001363 0.001522 0.002697 0.000526 0.000491 0.000577 0.004507 0.000545 0.006248 0.018476
-1.301790 0.001131 0.000557 0.000710 0.000965 0.000100 0.000185 0.001270 0.000109 0.000873 0.005899
-1.203790 0.002213 0.000390 0.000742 0.001744 0.000111 0.000333 0.000582 0.000142 0.000869 0.007126
-1.104790 0.022400 0.001247 0.003977 0.004160 0.000790 0.000939 0.006735 0.000524 0.003220 0.043992
-1.006790 0.022100 0.002655 0.005893 0.006682 0.000946 0.001418 0.010000 0.000673 0.005528 0.055894
-0.908790 0.025860 0.004096 0.009302 0.010380 0.001537 0.002115 0.012000 0.000812 0.007582 0.073684
-0.810790 0.024740 0.006474 0.014780 0.019410 0.002472 0.003345 0.013340 0.000926 0.009738 0.095225
-0.711790 0.012590 0.003866 0.009087 0.012420 0.001923 0.002799 0.010760 0.000901 0.008188 0.062534
-0.613790 0.011400 0.012690 0.009501 0.011700 0.002427 0.002812 0.019530 0.001343 0.021850 0.093253
-0.515790 0.011690 0.021370 0.026680 0.012510 0.004637 0.003457 0.062110 0.003346 0.063380 0.209180
-0.417790 0.005365 0.019750 0.016840 0.010510 0.004583 0.002798 0.044400 0.003960 0.065720 0.173926
-0.318790 0.001028 0.012550 0.006800 0.006486 0.001889 0.001811 0.023430 0.003076 0.032670 0.089740
-0.220790 0.000225 0.001869 0.000364 0.000909 0.000106 0.000345 0.003425 0.000342 0.001946 0.009531
-0.122790 0.000057 0.000808 0.000235 0.000455 0.000034 0.000093 0.001254 0.000093 0.000673 0.003701
-0.024790 0.000000 0.000004 0.000002 0.000003 0.000000 0.000000 0.000004 0.000000 0.000002 0.000016
0.073210 0.000000 0.000000 0.000000 0.000000 0.000000 0.000000 0.000000 0.000000 0.000000 0.000000
0.172210 0.000000 0.000000 0.000000 0.000000 0.000000 0.000000 0.000000 0.000000 0.000000 0.000000
0.270210 0.000000 0.000000 0.000000 0.000000 0.000000 0.000000 0.000000 0.000000 0.000000 0.000000
0.368210 0.000000 0.000000 0.000000 0.000000 0.000000 0.000000 0.000000 0.000000 0.000000 0.000000
0.466210 0.000000 0.000000 0.000000 0.000000 0.000000 0.000000 0.000000 0.000000 0.000000 0.000000
0.565210 0.000000 0.000000 0.000000 0.000000 0.000000 0.000000 0.000000 0.000000 0.000000 0.000000
0.663210 0.000000 0.000000 0.000000 0.000000 0.000000 0.000000 0.000000 0.000000 0.000000 0.000000
0.761210 0.000000 0.000000 0.000000 0.000000 0.000000 0.000000 0.000000 0.000000 0.000000 0.000000
0.859210 0.000000 0.000000 0.000000 0.000000 0.000000 0.000000 0.000000 0.000000 0.000000 0.000000
0.958210 0.000000 0.000000 0.000000 0.000000 0.000000 0.000000 0.000000 0.000000 0.000000 0.000000
1.056210 0.000000 0.000000 0.000000 0.000000 0.000000 0.000000 0.000000 0.000000 0.000000 0.000000
1.154210 0.000000 0.000000 0.000000 0.000000 0.000000 0.000000 0.000000 0.000000 0.000000 0.000000
1.252210 0.000000 0.000000 0.000000 0.000000 0.000000 0.000000 0.000000 0.000000 0.000000 0.000000
1.351210 0.000000 0.000000 0.000000 0.000000 0.000000 0.000000 0.000000 0.000000 0.000000 0.000000
1.449210 0.000000 0.000000 0.000000 0.000000 0.000000 0.000000 0.000000 0.000000 0.000000 0.000000
1.547210 0.000000 0.000000 0.000000 0.000000 0.000000 0.000000 0.000000 0.000000 0.000000 0.000000
1.645210 0.000000 0.000000 0.000000 0.000000 0.000000 0.000000 0.000000 0.000000 0.000000 0.000000
1.744210 0.000000 0.000000 0.000000 0.000000 0.000000 0.000000 0.000000 0.000000 0.000000 0.000000
1.842210 0.000000 0.000000 0.000000 0.000000 0.000000 0.000000 0.000000 0.000000 0.000000 0.000000
1.940210 0.000000 0.000000 0.000000 0.000000 0.000000 0.000000 0.000000 0.000000 0.000000 0.000000
2.038210 0.000000 0.000000 0.000000 0.000000 0.000000 0.000000 0.000000 0.000000 0.000000 0.000000
2.137210 0.000000 0.000000 0.000000 0.000000 0.000000 0.000000 0.000000 0.000000 0.000000 0.000000
2.235210 0.000000 0.000000 0.000000 0.000000 0.000000 0.000000 0.000000 0.000000 0.000000 0.000000
2.333210 0.000000 0.000000 0.000000 0.000000 0.000000 0.000000 0.000000 0.000000 0.000000 0.000000
2.431210 0.000237 0.000002 0.000002 0.000005 0.000001 0.000000 0.000000 0.000001 0.000001 0.000248
2.530210 0.000642 0.000005 0.000004 0.000016 0.000002 0.000000 0.000001 0.000002 0.000003 0.000675
2.628210 0.001164 0.000011 0.000008 0.000032 0.000003 0.000001 0.000002 0.000004 0.000006 0.001231
2.726210 0.001802 0.000017 0.000012 0.000053 0.000005 0.000002 0.000004 0.000006 0.000011 0.001912
2.824210 0.002511 0.000026 0.000017 0.000082 0.000008 0.000003 0.000008 0.000008 0.000020 0.002683
2.922210 0.003145 0.000044 0.000022 0.000121 0.000012 0.000004 0.000018 0.000011 0.000035 0.003411
3.021210 0.003275 0.000082 0.000027 0.000166 0.000026 0.000006 0.000043 0.000013 0.000056 0.003693
3.119210 0.003574 0.000108 0.000036 0.000210 0.000036 0.000010 0.000063 0.000019 0.000090 0.004145
3.217210 0.003937 0.000129 0.000047 0.000253 0.000046 0.000016 0.000081 0.000029 0.000132 0.004671
3.315210 0.004311 0.000151 0.000060 0.000304 0.000058 0.000023 0.000105 0.000039 0.000186 0.005238
3.414210 0.004694 0.000180 0.000077 0.000381 0.000074 0.000032 0.000145 0.000052 0.000279 0.005913
3.512210 0.005084 0.000213 0.000091 0.000455 0.000093 0.000042 0.000200 0.000065 0.000385 0.006628
3.610210 0.005480 0.000249 0.000106 0.000527 0.000115 0.000053 0.000263 0.000080 0.000502 0.007375
3.708210 0.005885 0.000285 0.000123 0.000602 0.000139 0.000066 0.000333 0.000097 0.000632 0.008161
3.807210 0.006293 0.000325 0.000140 0.000683 0.000168 0.000086 0.000415 0.000117 0.000776 0.009004
3.905210 0.006684 0.000400 0.000169 0.000801 0.000230 0.000141 0.000581 0.000161 0.001015 0.010181
4.003210 0.007061 0.000513 0.000211 0.000949 0.000333 0.000208 0.000855 0.000227 0.001393 0.011751
4.101210 0.007403 0.000636 0.000260 0.001091 0.000472 0.000321 0.001185 0.000304 0.001850 0.013522
4.200210 0.007790 0.000744 0.000320 0.001235 0.000693 0.000728 0.001512 0.000384 0.002411 0.015817
4.298210 0.008198 0.000848 0.000386 0.001387 0.001053 0.001335 0.001863 0.000468 0.003042 0.018580
4.396210 0.008605 0.000962 0.000455 0.001540 0.001593 0.002141 0.002275 0.000557 0.003760 0.021888
4.494210 0.009078 0.001192 0.000607 0.001803 0.002383 0.003239 0.003029 0.000674 0.005002 0.027007
4.593210 0.009606 0.001498 0.000810 0.002117 0.003406 0.004655 0.004091 0.000806 0.006621 0.033610
4.691210 0.009791 0.001732 0.000922 0.002330 0.004657 0.006306 0.005388 0.000883 0.008205 0.040214
4.789210 0.010510 0.001980 0.001054 0.002561 0.029580 0.145700 0.008019 0.011700 0.011660 0.222764
4.887210 0.013450 0.002720 0.001689 0.003494 0.208000 0.261700 0.012140 0.026860 0.015790 0.545843
4.986210 0.014430 0.003230 0.002037 0.003798 0.285700 0.256000 0.015160 0.049240 0.018780 0.648375
5.084210 0.011720 0.002787 0.001720 0.003141 0.231300 0.245600 0.015320 0.054550 0.020780 0.586918
5.182210 0.009803 0.003217 0.001670 0.002772 0.207500 0.235900 0.020330 0.053430 0.023340 0.557962
5.280210 0.007660 0.002681 0.001598 0.002013 0.195400 0.213700 0.015690 0.058870 0.017660 0.515272
5.379210 0.006739 0.002380 0.001668 0.001588 0.210900 0.211300 0.012560 0.065690 0.013630 0.526455
5.477210 0.013220 0.007683 0.005133 0.005918 0.632000 0.631500 0.042660 0.167400 0.037490 1.543004
5.575210 0.008335 0.006006 0.004455 0.005025 0.392900 0.378900 0.031630 0.116000 0.026500 0.969751
5.673210 0.004958 0.005483 0.004138 0.004795 0.192500 0.212800 0.024130 0.082110 0.025860 0.556774
5.772210 0.004944 0.005264 0.003912 0.004554 0.137900 0.161100 0.024270 0.056600 0.026560 0.425104
5.870210 0.008963 0.006063 0.005208 0.005157 0.197300 0.358500 0.028690 0.095680 0.032910 0.738471
5.968210 0.010240 0.008454 0.007436 0.007496 0.371700 0.563300 0.040900 0.304400 0.047630 1.361556
6.066210 0.011250 0.010530 0.009726 0.009192 0.351000 0.430400 0.050290 0.366500 0.062100 1.300988
6.164210 0.013780 0.013160 0.012220 0.011230 0.393500 0.369000 0.058860 0.429800 0.069760 1.371310
6.263210 0.013820 0.010070 0.008638 0.008124 0.332400 0.256000 0.065400 0.387800 0.067100 1.149352
6.361210 0.014620 0.008038 0.006060 0.006391 0.323900 0.202500 0.073860 0.376400 0.066960 1.078729
6.459210 0.016330 0.008190 0.005255 0.006633 0.336800 0.165600 0.114800 0.384700 0.072900 1.111208
6.557210 0.017160 0.007164 0.005511 0.005584 0.369200 0.251700 0.114400 0.502000 0.107200 1.379919
6.656210 0.015100 0.005082 0.005369 0.003888 0.220700 0.257400 0.091040 0.609200 0.099260 1.307039
6.754210 0.015470 0.004527 0.004609 0.003123 0.207000 0.221500 0.106200 0.600800 0.106100 1.269329
6.852210 0.015260 0.003875 0.003903 0.002617 0.252600 0.245300 0.122400 0.662900 0.101400 1.410255
6.950210 0.015010 0.002837 0.003334 0.002106 0.254900 0.214600 0.126800 0.597500 0.089580 1.306667
7.049210 0.015820 0.003040 0.003095 0.001947 0.255500 0.183400 0.190400 1.211000 0.117400 1.981602
7.147210 0.016540 0.003494 0.003273 0.002450 0.637500 0.428600 0.394300 0.668500 0.226700 2.381357
7.245210 0.016280 0.002982 0.003306 0.002489 0.121600 0.130800 0.663100 0.143400 0.329700 1.413657
7.343210 0.020650 0.002419 0.002990 0.002350 0.014810 0.034470 0.478500 0.043900 0.304800 0.904889
7.442210 0.022590 0.003838 0.005302 0.003041 0.065050 0.050520 1.445000 0.034220 0.882800 2.512361
7.540210 0.021770 0.003157 0.003587 0.002956 0.031610 0.022910 1.255000 0.015450 1.139000 2.495440
7.638210 0.002626 0.000698 0.000965 0.000570 0.005175 0.001784 0.077360 0.001678 0.392800 0.483657
7.736210 0.000000 0.000000 0.000000 0.000000 0.000000 0.000000 0.000000 0.000000 0.000000 0.000000
7.835210 0.000000 0.000000 0.000000 0.000000 0.000000 0.000000 0.000000 0.000000 0.000000 0.000000
7.933210 0.000000 0.000000 0.000000 0.000000 0.000000 0.000000 0.000000 0.000000 0.000000 0.000000
8.031210 0.000000 0.000000 0.000000 0.000000 0.000000 0.000000 0.000000 0.000000 0.000000 0.000000
8.129210 0.000000 0.000000 0.000000 0.000000 0.000000 0.000000 0.000000 0.000000 0.000000 0.000000
8.228210 0.000000 0.000000 0.000000 0.000000 0.000000 0.000000 0.000000 0.000000 0.000000 0.000000
8.326210 0.000000 0.000000 0.000000 0.000000 0.000000 0.000000 0.000000 0.000000 0.000000 0.000000
8.424210 0.000000 0.000000 0.000000 0.000000 0.000000 0.000000 0.000000 0.000000 0.000000 0.000000
8.522210 0.000000 0.000000 0.000000 0.000000 0.000000 0.000000 0.000000 0.000000 0.000000 0.000000
8.621210 0.000000 0.000000 0.000000 0.000000 0.000000 0.000000 0.000000 0.000000 0.000000 0.000000
8.719210 0.000000 0.000000 0.000000 0.000000 0.000000 0.000000 0.000000 0.000000 0.000000 0.000000
8.817210 0.000000 0.000000 0.000000 0.000000 0.000000 0.000000 0.000000 0.000000 0.000000 0.000000
8.915210 0.000000 0.000000 0.000000 0.000000 0.000000 0.000000 0.000000 0.000000 0.000000 0.000000
9.014210 0.000000 0.000000 0.000000 0.000000 0.000000 0.000000 0.000000 0.000000 0.000000 0.000000
9.112210 0.000000 0.000000 0.000000 0.000000 0.000000 0.000000 0.000000 0.000000 0.000000 0.000000
9.210210 0.000000 0.000000 0.000000 0.000000 0.000000 0.000000 0.000000 0.000000 0.000000 0.000000
9.308210 0.000000 0.000000 0.000000 0.000000 0.000000 0.000000 0.000000 0.000000 0.000000 0.000000
9.406210 0.000000 0.000000 0.000000 0.000000 0.000000 0.000000 0.000000 0.000000 0.000000 0.000000
9.505210 0.000000 0.000000 0.000000 0.000000 0.000000 0.000000 0.000000 0.000000 0.000000 0.000000
9.603210 0.000000 0.000000 0.000000 0.000000 0.000000 0.000000 0.000000 0.000000 0.000000 0.000000
9.701210 0.000000 0.000000 0.000000 0.000000 0.000000 0.000000 0.000000 0.000000 0.000000 0.000000
