# E(eV)    DOS      Integrated DOS
-19.770790 0.000000 0.000000
-19.672790 0.000000 0.000000
-19.574790 0.000000 0.000000
-19.476790 0.000000 0.000000
-19.377790 0.000000 0.000000
-19.279790 0.000000 0.000000
-19.181790 0.000000 0.000000
-19.083790 0.000000 0.000000
-18.984790 0.000000 0.000000
-18.886790 0.000000 0.000000
-18.788790 0.000000 0.000000
-18.690790 0.000000 0.000000
-18.592790 0.000000 0.000000
-18.493790 0.000000 0.000000
-18.395790 0.000000 0.000000
-18.297790 0.000000 0.000000
-18.199790 0.000000 0.000000
-18.100790 0.000000 0.000000
-18.002790 0.000000 0.000000
-17.904790 0.000000 0.000000
-17.806790 0.000000 0.000000
-17.707790 0.153600 0.004040
-17.609790 0.272200 0.025100
-17.511790 0.404600 0.058500
-17.413790 0.531400 0.104200
-17.314790 0.708300 0.165600
-17.216790 0.908200 0.242500
-17.118790 1.235000 0.347100
-17.020790 1.772000 0.491600
-16.921790 2.975000 0.717800
-16.823790 5.269000 1.159000
-16.725790 0.000000 2.000000
-16.627790 0.000000 2.000000
-16.528790 0.000000 2.000000
-16.430790 0.000000 2.000000
-16.332790 0.000000 2.000000
-16.234790 0.000000 2.000000
-16.135790 0.000000 2.000000
-16.037790 0.000000 2.000000
-15.939790 0.000000 2.000000
-15.841790 0.000000 2.000000
-15.743790 0.000000 2.000000
-15.644790 0.000000 2.000000
-15.546790 0.000000 2.000000
-15.448790 0.000000 2.000000
-15.350790 0.000000 2.000000
-15.251790 0.000000 2.000000
-15.153790 0.000000 2.000000
-15.055790 0.000000 2.000000
-14.957790 0.000000 2.000000
-14.858790 0.000000 2.000000
-14.760790 0.000000 2.000000
-14.662790 0.000000 2.000000
-14.564790 0.000000 2.000000
-14.465790 0.000000 2.000000
-14.367790 0.000000 2.000000
-14.269790 0.000000 2.000000
-14.171790 0.000000 2.000000
-14.072790 0.000000 2.000000
-13.974790 0.000000 2.000000
-13.876790 0.000000 2.000000
-13.778790 0.000000 2.000000
-13.679790 0.000000 2.000000
-13.581790 0.000000 2.000000
-13.483790 0.000000 2.000000
-13.385790 0.000000 2.000000
-13.286790 0.000000 2.000000
-13.188790 0.000000 2.000000
-13.090790 0.000000 2.000000
-12.992790 0.000000 2.000000
-12.893790 0.000000 2.000000
-12.795790 0.000000 2.000000
-12.697790 0.000000 2.000000
-12.599790 0.000000 2.000000
-12.501790 0.000000 2.000000
-12.402790 0.000000 2.000000
-12.304790 0.000000 2.000000
-12.206790 0.000000 2.000000
-12.108790 0.000000 2.000000
-12.009790 0.000000 2.000000
-11.911790 0.000000 2.000000
-11.813790 0.000000 2.000000
-11.715790 0.000000 2.000000
-11.616790 0.000000 2.000000
-11.518790 0.000000 2.000000
-11.420790 0.000000 2.000000
-11.322790 0.000000 2.000000
-11.223790 0.000000 2.000000
-11.125790 0.000000 2.000000
-11.027790 0.000000 2.000000
-10.929790 0.000000 2.000000
-10.830790 0.000000 2.000000
-10.732790 0.000000 2.000000
-10.634790 0.000000 2.000000
-10.536790 0.000000 2.000000
-10.437790 0.000000 2.000000
-10.339790 0.000000 2.000000
-10.241790 0.000000 2.000000
-10.143790 0.000000 2.000000
-10.044790 0.000000 2.000000
-9.946790 0.000000 2.000000
-9.848790 0.000000 2.000000
-9.750790 0.000000 2.000000
-9.651790 0.000000 2.000000
-9.553790 0.000000 2.000000
-9.455790 0.000000 2.000000
-9.357790 0.000000 2.000000
-9.259790 0.000000 2.000000
-9.160790 0.000000 2.000000
-9.062790 0.000000 2.000000
-8.964790 0.000000 2.000000
-8.866790 0.000000 2.000000
-8.767790 0.000000 2.000000
-8.669790 0.000000 2.000000
-8.571790 0.000000 2.000000
-8.473790 0.000000 2.000000
-8.374790 0.000000 2.000000
-8.276790 0.000000 2.000000
-8.178790 0.000000 2.000000
-8.080790 0.000000 2.000000
-7.981790 0.000000 2.000000
-7.883790 0.000000 2.000000
-7.785790 0.000000 2.000000
-7.687790 0.000000 2.000000
-7.588790 0.000000 2.000000
-7.490790 0.000000 2.000000
-7.392790 0.000000 2.000000
-7.294790 0.000000 2.000000
-7.195790 0.000000 2.000000
-7.097790 0.000000 2.000000
-6.999790 0.000000 2.000000
-6.901790 0.000000 2.000000
-6.802790 0.000000 2.000000
-6.704790 0.000000 2.000000
-6.606790 0.000000 2.000000
-6.508790 0.000000 2.000000
-6.410790 0.000000 2.000000
-6.311790 0.000000 2.000000
-6.213790 0.023320 2.000000
-6.115790 0.272800 2.013000
-6.017790 0.469400 2.051000
-5.918790 0.686500 2.107000
-5.820790 1.038000 2.190000
-5.722790 2.175000 2.339000
-5.624790 2.905000 2.595000
-5.525790 2.491000 2.877000
-5.427790 0.456200 2.990000
-5.329790 1.650000 3.093000
-5.231790 2.602000 3.289000
-5.132790 4.886000 3.676000
-5.034790 3.738000 4.038000
-4.936790 7.044000 4.499000
-4.838790 1.514000 4.962000
-4.739790 0.549400 5.029000
-4.641790 2.576000 5.151000
-4.543790 2.569000 5.488000
-4.445790 2.704000 5.729000
-4.346790 2.453000 6.010000
-4.248790 1.538000 6.196000
-4.150790 2.487000 6.398000
-4.052790 2.949000 6.668000
-3.953790 1.366000 6.896000
-3.855790 0.420300 6.969000
-3.757790 0.136400 6.994000
-3.659790 0.469400 7.012000
-3.560790 1.505000 7.107000
-3.462790 2.667000 7.324000
-3.364790 3.136000 7.608000
-3.266790 1.631000 7.848000
-3.168790 1.052000 7.978000
-3.069790 0.675300 8.058000
-2.971790 2.370000 8.287000
-2.873790 1.832000 8.494000
-2.775790 1.065000 8.627000
-2.676790 1.486000 8.747000
-2.578790 2.506000 8.947000
-2.480790 2.401000 9.191000
-2.382790 1.766000 9.414000
-2.283790 2.381000 9.582000
-2.185790 2.523000 9.821000
-2.087790 2.419000 10.060000
-1.989790 1.584000 10.250000
-1.890790 1.301000 10.390000
-1.792790 1.404000 10.510000
-1.694790 1.211000 10.660000
-1.596790 1.062000 10.760000
-1.497790 1.043000 10.870000
-1.399790 0.645100 10.960000
-1.301790 0.201200 11.000000
-1.203790 0.170800 11.020000
-1.104790 0.850700 11.050000
-1.006790 1.131000 11.130000
-0.908790 1.547000 11.270000
-0.810790 2.117000 11.440000
-0.711790 1.443000 11.630000
-0.613790 2.140000 11.780000
-0.515790 4.618000 12.100000
-0.417790 4.173000 12.540000
-0.318790 2.584000 12.880000
-0.220790 0.347200 12.970000
-0.122790 0.167500 12.990000
-0.024790 0.001015 13.000000
0.073210 0.000000 13.000000
0.172210 0.000000 13.000000
0.270210 0.000000 13.000000
0.368210 0.000000 13.000000
0.466210 0.000000 13.000000
0.565210 0.000000 13.000000
0.663210 0.000000 13.000000
0.761210 0.000000 13.000000
0.859210 0.000000 13.000000
0.958210 0.000000 13.000000
1.056210 0.000000 13.000000
1.154210 0.000000 13.000000
1.252210 0.000000 13.000000
1.351210 0.000000 13.000000
1.449210 0.000000 13.000000
1.547210 0.000000 13.000000
1.645210 0.000000 13.000000
1.744210 0.000000 13.000000
1.842210 0.000000 13.000000
1.940210 0.000000 13.000000
2.038210 0.000000 13.000000
2.137210 0.000000 13.000000
2.235210 0.000000 13.000000
2.333210 0.000000 13.000000
2.431210 0.001835 13.000000
2.530210 0.005044 13.000000
2.628210 0.009239 13.000000
2.726210 0.014420 13.000000
2.824210 0.020360 13.000000
2.922210 0.026180 13.010000
3.021210 0.028980 13.010000
3.119210 0.032740 13.010000
3.217210 0.036890 13.020000
3.315210 0.041350 13.020000
3.414210 0.046690 13.020000
3.512210 0.052100 13.030000
3.610210 0.057580 13.030000
3.708210 0.063260 13.040000
3.807210 0.069230 13.050000
3.905210 0.076860 13.050000
4.003210 0.086340 13.060000
4.101210 0.096080 13.070000
4.200210 0.106800 13.080000
4.298210 0.118500 13.090000
4.396210 0.131300 13.100000
4.494210 0.152200 13.120000
4.593210 0.178700 13.130000
4.691210 0.200000 13.150000
4.789210 0.502900 13.180000
4.887210 1.051000 13.260000
4.986210 1.223000 13.370000
5.084210 1.089000 13.490000
5.182210 1.031000 13.590000
5.280210 0.916700 13.690000
5.379210 0.899700 13.780000
5.477210 2.558000 13.930000
5.575210 1.615000 14.170000
5.673210 0.986900 14.290000
5.772210 0.792400 14.370000
5.870210 1.251000 14.460000
5.968210 2.152000 14.640000
6.066210 2.122000 14.880000
6.164210 2.239000 15.080000
6.263210 1.864000 15.290000
6.361210 1.708000 15.460000
6.459210 1.765000 15.630000
6.557210 2.087000 15.820000
6.656210 1.869000 16.010000
6.754210 1.777000 16.190000
6.852210 1.870000 16.370000
6.950210 1.672000 16.550000
7.049210 2.411000 16.720000
7.147210 2.872000 17.000000
7.245210 1.840000 17.260000
7.343210 1.214000 17.390000
7.442210 3.147000 17.540000
7.540210 3.077000 17.830000
7.638210 0.593600 17.990000
7.736210 0.000000 18.000000
7.835210 0.000000 18.000000
7.933210 0.000000 18.000000
8.031210 0.000000 18.000000
8.129210 0.000000 18.000000
8.228210 0.000000 18.000000
8.326210 0.000000 18.000000
8.424210 0.000000 18.000000
8.522210 0.000000 18.000000
8.621210 0.000000 18.000000
8.719210 0.000000 18.000000
8.817210 0.000000 18.000000
8.915210 0.000000 18.000000
9.014210 0.000000 18.000000
9.112210 0.000000 18.000000
9.210210 0.000000 18.000000
9.308210 0.000000 18.000000
9.406210 0.000000 18.000000
9.505210 0.000000 18.000000
9.603210 0.000000 18.000000
9.701210 0.000000 18.000000
