             0.00000             0.01563
             0.10000             0.02865
             0.20000             0.02865
             0.30000             0.02865
             0.40000             0.02800
             0.50000             0.02865
             0.60000             0.02800
             0.70000             0.02865
             0.80000             0.02995
             0.90000             0.02735
             1.00000             0.02930
             1.10000             0.02800
             1.20000             0.02930
             1.30000             0.02800
             1.40000             0.02930
             1.50000             0.02995
             1.60000             0.02930
             1.70000             0.02865
             1.80000             0.03060
             1.90000             0.02995
             2.00000             0.03256
             2.10000             0.03125
             2.20000             0.03191
             2.30000             0.03321
             2.40000             0.03451
             2.50000             0.03451
             2.60000             0.03646
             2.70000             0.03842
             2.80000             0.04167
             2.90000             0.04363
             3.00000             0.04753
             3.10000             0.05665
             3.20000             0.07814
             3.30000             0.15236
             3.40000             0.06121
             3.50000             0.04818
             3.60000             0.04493
             3.70000             0.04232
             3.80000             0.04167
             3.90000             0.04232
             4.00000             0.04363
             4.10000             0.04753
             4.20000             0.06381
             4.30000             0.09246
             4.40000             0.16669
             4.50000             0.10939
             4.60000             0.09376
             4.70000             0.08855
             4.80000             0.08334
             4.90000             0.08660
             5.00000             0.08725
             5.10000             0.10744
             5.20000             0.08334
             5.30000             0.05730
             5.40000             0.05860
             5.50000             0.05990
             5.60000             0.06511
             5.70000             0.07032
             5.80000             0.08334
             5.90000             0.12371
             6.00000             0.03451
             6.10000             0.03777
             6.20000             0.04037
             6.30000             0.04493
             6.40000             0.06707
             6.50000             0.04363
             6.60000             0.03386
             6.70000             0.06772
             6.80000             0.06186
             6.90000             0.04037
             7.00000             0.00521
             7.10000             0.00586
             7.20000             0.00651
             7.30000             0.00521
             7.40000             0.00586
             7.50000             0.00586
             7.60000             0.00651
             7.70000             0.00586
             7.80000             0.00651
             7.90000             0.00586
             8.00000             0.00586
             8.10000             0.00716
             8.20000             0.00586
             8.30000             0.00716
             8.40000             0.00586
             8.50000             0.00716
             8.60000             0.00716
             8.70000             0.00586
             8.80000             0.00716
             8.90000             0.00716
             9.00000             0.00781
             9.10000             0.00716
             9.20000             0.00651
             9.30000             0.00781
             9.40000             0.00716
             9.50000             0.00781
             9.60000             0.00846
             9.70000             0.00781
             9.80000             0.00846
             9.90000             0.00846
            10.00000             0.00846
            10.10000             0.00846
            10.20000             0.00846
            10.30000             0.00912
            10.40000             0.01042
            10.50000             0.13283
            10.60000             0.10939
            10.70000             0.08725
            10.80000             0.08009
            10.90000             0.08139
            11.00000             0.07097
            11.10000             0.06837
            11.20000             0.14325
            11.30000             0.09832
            11.40000             0.08400
            11.50000             0.08009
            11.60000             0.08269
            11.70000             0.22724
            11.80000             0.15106
            11.90000             0.17906
            12.00000             0.33273
            12.10000             0.08725
            12.20000             0.06641
            12.30000             0.01302
            12.40000             0.01367
            12.50000             0.01302
            12.60000             0.01367
            12.70000             0.01498
            12.80000             0.01432
            12.90000             0.01628
            13.00000             0.01758
            13.10000             0.01888
            13.20000             0.02214
            13.30000             0.31840
            13.40000             0.32882
            13.50000             0.49616
            13.60000             0.24092
            13.70000             0.24157
            13.80000             0.35682
            13.90000             0.56778
            14.00000             0.38416
            14.10000             0.28650
            14.20000             0.19924
            14.30000             0.32947
            14.40000             0.00000
            14.50000             0.00000
            14.60000             0.00000
            14.70000             0.00000
            14.80000             0.00000
            14.90000             0.00000
            15.00000             0.00000
            15.10000             0.00000
            15.20000             0.00000
            15.30000             0.00000
            15.40000             0.00000
            15.50000             0.00000
            15.60000             0.00000
            15.70000             0.00000
            15.80000             0.00000
            15.90000             0.00000
            16.00000             0.00000
            16.10000             0.00000
            16.20000             0.00000
            16.30000             0.00000
            16.40000             0.00000
            16.50000             0.00000
            16.60000             0.00000
            16.70000             0.00000
            16.80000             0.00000
            16.90000             0.00000
            17.00000             0.00000
            17.10000             0.00000
            17.20000             0.00000
            17.30000             0.00000
            17.40000             0.00000
            17.50000             0.00000
            17.60000             0.00000
            17.70000             0.00000
            17.80000             0.00000
            17.90000             0.00000
            18.00000             0.00000
            18.10000             0.00000
            18.20000             0.00000
            18.30000             0.00000
            18.40000             0.00000
            18.50000             0.00000
            18.60000             0.00000
            18.70000             0.00000
            18.80000             0.00000
            18.90000             0.00000
            19.00000             0.00000
            19.10000             0.00000
            19.20000             0.00000
            19.30000             0.00000
            19.40000             0.00000
            19.50000             0.00000
            19.60000             0.00000
            19.70000             0.00000
            19.80000             0.00000
            19.90000             0.00000
            20.00000             0.00000
            20.10000             0.00000
            20.20000             0.00000
            20.30000             0.00000
            20.40000             0.00000
            20.50000             0.00000
            20.60000             0.00000
            20.70000             0.00000
            20.80000             0.00000
            20.90000             0.00000
            21.00000             0.00000
            21.10000             0.00000
            21.20000             0.00000
            21.30000             0.00000
            21.40000             0.00000
            21.50000             0.00000
            21.60000             0.00000
            21.70000             0.00000
            21.80000             0.00000
            21.90000             0.00000
            22.00000             0.00000
            22.10000             0.00000
            22.20000             0.00000
            22.30000             0.00000
            22.40000             0.00000
            22.50000             0.00000
            22.60000             0.00000
            22.70000             0.00000
            22.80000             0.00000
            22.90000             0.00000
            23.00000             0.00000
            23.10000             0.00000
            23.20000             0.00000
            23.30000             0.00000
            23.40000             0.00000
            23.50000             0.00000
            23.60000             0.00000
            23.70000             0.00000
            23.80000             0.00000
            23.90000             0.00000
            24.00000             0.00000
            24.10000             0.00000
            24.20000             0.00000
            24.30000             0.00000
            24.40000             0.00000
            24.50000             0.00000
            24.60000             0.00000
            24.70000             0.00000
            24.80000             0.00000
            24.90000             0.00000
