 0.0  0.0
 1.0  0.0

 0.251813236653  -30.0
 0.251813236653  30.0

 0.251813236653  -30.0
 0.251813236653  30.0

 0.324505456637  -30.0
 0.324505456637  30.0

 0.324505456637  -30.0
 0.324505456637  30.0

 0.542582116587  -30.0
 0.542582116587  30.0

 0.542582116587  -30.0
 0.542582116587  30.0

 0.668488734914  -30.0
 0.668488734914  30.0

 0.668488734914  -30.0
 0.668488734914  30.0

 0.874093381673  -30.0
 0.874093381673  30.0

 0.874093381673  -30.0
 0.874093381673  30.0

 1.0  -30.0
 1.0  30.0

 0.0  -18.45876838
 0.01325332851  -18.45041527
 0.0265066570199  -18.42545962
 0.0397599855299  -18.38445677
 0.0530133140399  -18.3277852
 0.0662666425498  -18.25611815
 0.0795199710598  -18.17110728
 0.0927732995697  -18.07387874
 0.10602662808  -17.96768798
 0.11927995659  -17.85424087
 0.132533280063  -17.73575106
 0.145786608573  -17.61552422
 0.159039937083  -17.49560658
 0.172293265593  -17.38048094
 0.185546594103  -17.27291501
 0.198799922613  -17.17974718
 0.212053251123  -17.1188339
 0.225306579633  -17.12337632
 0.238559908143  -17.12598925
 0.251813236653  -17.12768981
 0.251813236653  -17.12768981
 0.255639140137  -17.1280929
 0.25946505089  -17.12734165
 0.263290954374  -17.12942867
 0.267116862219  -17.1323138
 0.270942765703  -17.13600149
 0.274768676456  -17.14047772
 0.278594579939  -17.14574121
 0.282420487785  -17.15178779
 0.286246391268  -17.15860833
 0.290072302021  -17.16514334
 0.293898205505  -17.17349233
 0.29772411335  -17.18262985
 0.301550016834  -17.19252291
 0.305375927587  -17.20320469
 0.309201831071  -17.21465001
 0.313027738916  -17.2261984
 0.3168536424  -17.23915302
 0.320679553153  -17.25288789
 0.324505456637  -17.26740411
 0.324505456637  -17.2674041
 0.335983178719  -17.28019118
 0.347460892562  -17.29085785
 0.358938614644  -17.31771181
 0.370416333334  -17.39764952
 0.38189405057  -17.49231845
 0.39337176926  -17.59288328
 0.404849491342  -17.69584405
 0.416327205185  -17.79729647
 0.427804927267  -17.89732547
 0.439282645957  -17.99333495
 0.450760368039  -18.08350639
 0.462238081882  -18.16640208
 0.473715803964  -18.24090722
 0.485193522654  -18.30578804
 0.49667123989  -18.36014131
 0.50814895858  -18.40278992
 0.519626680662  -18.43376489
 0.531104394505  -18.45250382
 0.542582116587  -18.45876838
 0.542582116587  -18.45876838
 0.549208780842  -18.45668179
 0.555835445097  -18.45041717
 0.562462109352  -18.43999844
 0.569088773607  -18.42546671
 0.575715437862  -18.40688159
 0.582342102117  -18.38447339
 0.588968766372  -18.35803349
 0.595595430627  -18.32781745
 0.602222094882  -18.29351896
 0.608848756619  -18.25616992
 0.615475420874  -18.21501317
 0.622102085129  -18.17119122
 0.628728749384  -18.12441719
 0.635355413639  -18.07400997
 0.641982077894  -18.02206084
 0.648608742149  -17.96791685
 0.655235406404  -17.91231803
 0.661862070659  -17.85489454
 0.668488734914  -17.80429176
 0.668488734914  -17.80429176
 0.679310028216  -17.80035258
 0.690131329743  -17.78898293
 0.700952623045  -17.77020291
 0.711773924571  -17.7448418
 0.722595217873  -17.71305342
 0.7334165194  -17.67758625
 0.744237812702  -17.64020426
 0.755059114228  -17.59893262
 0.76588040753  -17.55449603
 0.776701709057  -17.50762455
 0.787523002359  -17.45917827
 0.798344303885  -17.40925702
 0.809165597188  -17.35912974
 0.819986898714  -17.31007958
 0.830808192016  -17.26237294
 0.841629493543  -17.21711198
 0.852450786845  -17.17396181
 0.863272088371  -17.13446277
 0.874093381673  -17.09867736
 0.874093381673  -17.09867736
 0.88072004341  -17.09868447
 0.887346710183  -17.09964755
 0.89397337192  -17.10079069
 0.900600038693  -17.10246387
 0.90722670043  -17.10497713
 0.913853367203  -17.10720981
 0.92048002894  -17.10919397
 0.927106695713  -17.111427
 0.93373335745  -17.11358389
 0.940360024223  -17.11527668
 0.94698668596  -17.11716537
 0.953613352733  -17.11891625
 0.96024001447  -17.12072323
 0.966866681243  -17.12239547
 0.97349334298  -17.12424532
 0.980120009753  -17.12510314
 0.98674667149  -17.12620052
 0.993373338263  -17.12705199
 1.0  -17.12768982
 1.0  -16.99491048
 0.993373338263  -16.99512057
 0.98674667149  -16.99574623
 0.980120009753  -16.99747899
 0.97349334298  -16.99892157
 0.966866681243  -17.00055436
 0.96024001447  -17.00269312
 0.953613352733  -17.00482876
 0.94698668596  -17.00686174
 0.940360024223  -17.01041943
 0.93373335745  -17.01351716
 0.927106695713  -17.01667373
 0.92048002894  -17.01961474
 0.913853367203  -17.02248654
 0.90722670043  -17.02510132
 0.900600038693  -17.02738457
 0.89397337192  -17.02971106
 0.887346710183  -17.03194527
 0.88072004341  -17.03298192
 0.874093381673  -17.0336549
 0.874093381673  -17.03365491
 0.863272088371  -17.0665194
 0.852450786845  -17.10534871
 0.841629493543  -17.14979832
 0.830808192016  -17.19815493
 0.819986898714  -17.25046144
 0.809165597188  -17.30538907
 0.798344303885  -17.36235867
 0.787523002359  -17.41962997
 0.776701709057  -17.47576738
 0.76588040753  -17.53045907
 0.755059114228  -17.58244517
 0.744237812702  -17.63083821
 0.7334165194  -17.67476864
 0.722595217873  -17.71002881
 0.711773924571  -17.73687669
 0.700952623045  -17.75829847
 0.690131329743  -17.77420259
 0.679310028216  -17.78379983
 0.668488734914  -17.78718241
 0.668488734914  -17.78718241
 0.661862070659  -17.73519064
 0.655235406404  -17.67501685
 0.648608742149  -17.61539248
 0.641982077894  -17.55509791
 0.635355413639  -17.495575
 0.628728749384  -17.43722007
 0.622102085129  -17.38050089
 0.615475420874  -17.32590058
 0.608848756619  -17.27296607
 0.602222094882  -17.22506001
 0.595595430627  -17.17980414
 0.588968766372  -17.13858129
 0.582342102117  -17.10182906
 0.575715437862  -17.07059032
 0.569088773607  -17.04402906
 0.562462109352  -17.02302469
 0.555835445097  -17.00782724
 0.549208780842  -16.99815176
 0.542582116587  -16.99507632
 0.542582116587  -16.99507632
 0.531104394505  -16.99797278
 0.519626680662  -17.00724258
 0.50814895858  -17.0214396
 0.49667123989  -17.03911522
 0.485193522654  -17.06187451
 0.473715803964  -17.08692599
 0.462238081882  -17.11377969
 0.450760368039  -17.1414535
 0.439282645957  -17.16938729
 0.427804927267  -17.19570063
 0.416327205185  -17.21992819
 0.404849491342  -17.24104348
 0.39337176926  -17.25853266
 0.38189405057  -17.27125939
 0.370416333334  -17.27711254
 0.358938614644  -17.2677989
 0.347460892562  -17.20954525
 0.335983178719  -17.14009884
 0.324505456637  -17.08021927
 0.324505456637  -17.08021926
 0.320679553153  -17.07268312
 0.3168536424  -17.06495677
 0.313027738916  -17.05772435
 0.309201831071  -17.05142933
 0.305375927587  -17.04437774
 0.301550016834  -17.03764011
 0.29772411335  -17.03175253
 0.293898205505  -17.02608523
 0.290072302021  -17.02121542
 0.286246391268  -17.01643465
 0.282420487785  -17.01237303
 0.278594579939  -17.0083316
 0.274768676456  -17.00493737
 0.270942765703  -17.00204387
 0.267116862219  -16.99934058
 0.263290954374  -16.99748145
 0.25946505089  -16.99597748
 0.255639140137  -16.9951783
 0.251813236653  -16.99491048
 0.251813236653  -16.99491048
 0.238559908143  -17.0076635
 0.225306579633  -17.04386413
 0.212053251123  -17.10155468
 0.198799922613  -17.11343298
 0.185546594103  -17.10756038
 0.172293265593  -17.10008357
 0.159039937083  -17.09182152
 0.145786608573  -17.08189459
 0.132533280063  -17.07150495
 0.11927995659  -17.06070557
 0.10602662808  -17.04913501
 0.0927732995697  -17.03874059
 0.0795199710598  -17.02915008
 0.0662666425498  -17.0198844
 0.0530133140399  -17.01086063
 0.0397599855299  -17.00497498
 0.0265066570199  -17.00000851
 0.01325332851  -16.99613744
 0.0  -16.99507632
 0.0  -7.24480303
 0.01325332851  -7.23124922
 0.0265066570199  -7.19114372
 0.0397599855299  -7.12527984
 0.0530133140399  -7.03486492
 0.0662666425498  -6.92462483
 0.0795199710598  -6.79698743
 0.0927732995697  -6.65652752
 0.10602662808  -6.50979468
 0.11927995659  -6.36997684
 0.132533280063  -6.28202112
 0.145786608573  -6.29231867
 0.159039937083  -6.38813948
 0.172293265593  -6.54841008
 0.185546594103  -6.72628157
 0.198799922613  -6.89397112
 0.212053251123  -7.03560686
 0.225306579633  -7.14481589
 0.238559908143  -7.21137852
 0.251813236653  -7.23385416
 0.251813236653  -7.23385416
 0.255639140137  -7.23257085
 0.25946505089  -7.22871462
 0.263290954374  -7.22238282
 0.267116862219  -7.21352999
 0.270942765703  -7.20232322
 0.274768676456  -7.18874456
 0.278594579939  -7.17296384
 0.282420487785  -7.15514591
 0.286246391268  -7.13531444
 0.290072302021  -7.11383049
 0.293898205505  -7.09023026
 0.29772411335  -7.06609044
 0.301550016834  -7.04100822
 0.305375927587  -7.01549974
 0.309201831071  -6.98960909
 0.313027738916  -6.96321991
 0.3168536424  -6.93817662
 0.320679553153  -6.91431998
 0.324505456637  -6.89209736
 0.324505456637  -6.89209736
 0.335983178719  -6.83664487
 0.347460892562  -6.76859076
 0.358938614644  -6.69599199
 0.370416333334  -6.62711822
 0.38189405057  -6.56834106
 0.39337176926  -6.52458162
 0.404849491342  -6.49866062
 0.416327205185  -6.49474922
 0.427804927267  -6.51887835
 0.439282645957  -6.57575844
 0.450760368039  -6.66109122
 0.462238081882  -6.76336169
 0.473715803964  -6.87031191
 0.485193522654  -6.97348963
 0.49667123989  -7.06501302
 0.50814895858  -7.14168466
 0.519626680662  -7.19825637
 0.531104394505  -7.23300871
 0.542582116587  -7.24480303
 0.542582116587  -7.24480304
 0.549208780842  -7.2392207
 0.555835445097  -7.222609
 0.562462109352  -7.19502718
 0.569088773607  -7.15691785
 0.575715437862  -7.10879903
 0.582342102117  -7.04934566
 0.588968766372  -6.98348725
 0.595595430627  -6.91011405
 0.602222094882  -6.83042095
 0.608848756619  -6.74542532
 0.615475420874  -6.65778962
 0.622102085129  -6.56899652
 0.628728749384  -6.48149452
 0.635355413639  -6.39812036
 0.641982077894  -6.32218821
 0.648608742149  -6.25639303
 0.655235406404  -6.2063408
 0.661862070659  -6.17481298
 0.668488734914  -6.16400321
 0.668488734914  -6.16400321
 0.679310028216  -6.1600389
 0.690131329743  -6.18346018
 0.700952623045  -6.23409352
 0.711773924571  -6.29636891
 0.722595217873  -6.36392966
 0.7334165194  -6.43155663
 0.744237812702  -6.49511497
 0.755059114228  -6.55236912
 0.76588040753  -6.60084802
 0.776701709057  -6.63818255
 0.787523002359  -6.66425692
 0.798344303885  -6.6773905
 0.809165597188  -6.67678341
 0.819986898714  -6.66311441
 0.830808192016  -6.63628359
 0.841629493543  -6.5972576
 0.852450786845  -6.54782748
 0.863272088371  -6.49190252
 0.874093381673  -6.43644982
 0.874093381673  -6.43644982
 0.88072004341  -6.45324272
 0.887346710183  -6.49378529
 0.89397337192  -6.54626742
 0.900600038693  -6.60524726
 0.90722670043  -6.66843496
 0.913853367203  -6.73269136
 0.92048002894  -6.79643775
 0.927106695713  -6.85862631
 0.93373335745  -6.91810741
 0.940360024223  -6.97404195
 0.94698668596  -7.02562175
 0.953613352733  -7.07326326
 0.96024001447  -7.11490322
 0.966866681243  -7.15066502
 0.97349334298  -7.18034566
 0.980120009753  -7.2036829
 0.98674667149  -7.22032003
 0.993373338263  -7.23046456
 1.0  -7.23385416
 1.0  -6.17315525
 0.993373338263  -6.17303894
 0.98674667149  -6.17269665
 0.980120009753  -6.17273119
 0.97349334298  -6.17194953
 0.966866681243  -6.17076634
 0.96024001447  -6.16954803
 0.953613352733  -6.16801227
 0.94698668596  -6.16652399
 0.940360024223  -6.16616761
 0.93373335745  -6.16712623
 0.927106695713  -6.17069508
 0.92048002894  -6.17769588
 0.913853367203  -6.18957997
 0.90722670043  -6.20557684
 0.900600038693  -6.22506967
 0.89397337192  -6.24770209
 0.887346710183  -6.27220621
 0.88072004341  -6.29485732
 0.874093381673  -6.30572388
 0.874093381673  -6.30572388
 0.863272088371  -6.30262239
 0.852450786845  -6.28713792
 0.841629493543  -6.26125421
 0.830808192016  -6.22706273
 0.819986898714  -6.18836356
 0.809165597188  -6.1492772
 0.798344303885  -6.11457933
 0.787523002359  -6.08746285
 0.776701709057  -6.07026244
 0.76588040753  -6.06379715
 0.755059114228  -6.06585452
 0.744237812702  -6.07427386
 0.7334165194  -6.08662623
 0.722595217873  -6.10030015
 0.711773924571  -6.11429583
 0.700952623045  -6.13091954
 0.690131329743  -6.14849764
 0.679310028216  -6.14937899
 0.668488734914  -6.13763161
 0.668488734914  -6.13763161
 0.661862070659  -6.1383562
 0.655235406404  -6.1409678
 0.648608742149  -6.14554624
 0.641982077894  -6.15121282
 0.635355413639  -6.15829413
 0.628728749384  -6.16662759
 0.622102085129  -6.17559959
 0.615475420874  -6.18512357
 0.608848756619  -6.19458082
 0.602222094882  -6.20528317
 0.595595430627  -6.21493022
 0.588968766372  -6.22403509
 0.582342102117  -6.23240428
 0.575715437862  -6.23931465
 0.569088773607  -6.24563922
 0.562462109352  -6.25070851
 0.555835445097  -6.25441086
 0.549208780842  -6.25664595
 0.542582116587  -6.25740325
 0.542582116587  -6.25740325
 0.531104394505  -6.25680683
 0.519626680662  -6.2556096
 0.50814895858  -6.25271427
 0.49667123989  -6.24823837
 0.485193522654  -6.24297465
 0.473715803964  -6.23552217
 0.462238081882  -6.22427288
 0.450760368039  -6.20673719
 0.439282645957  -6.17683922
 0.427804927267  -6.12832747
 0.416327205185  -6.06338291
 0.404849491342  -6.02370959
 0.39337176926  -6.02911409
 0.38189405057  -6.04136191
 0.370416333334  -6.05850519
 0.358938614644  -6.12910878
 0.347460892562  -6.19398066
 0.335983178719  -6.24380692
 0.324505456637  -6.27986257
 0.324505456637  -6.27986257
 0.320679553153  -6.2733089
 0.3168536424  -6.26331197
 0.313027738916  -6.25050345
 0.309201831071  -6.23548096
 0.305375927587  -6.21867097
 0.301550016834  -6.20090309
 0.29772411335  -6.18288462
 0.293898205505  -6.16463789
 0.290072302021  -6.1574296
 0.286246391268  -6.16031079
 0.282420487785  -6.16292261
 0.278594579939  -6.1652652
 0.274768676456  -6.16732491
 0.270942765703  -6.16908926
 0.267116862219  -6.17052309
 0.263290954374  -6.17166487
 0.25946505089  -6.17248499
 0.255639140137  -6.17299003
 0.251813236653  -6.17315525
 0.251813236653  -6.17315525
 0.238559908143  -6.16933022
 0.225306579633  -6.15806494
 0.212053251123  -6.14077119
 0.198799922613  -6.11787363
 0.185546594103  -6.09114572
 0.172293265593  -6.06575244
 0.159039937083  -6.04339864
 0.145786608573  -6.02821099
 0.132533280063  -6.14396107
 0.11927995659  -6.1999275
 0.10602662808  -6.21591369
 0.0927732995697  -6.2257732
 0.0795199710598  -6.23419065
 0.0662666425498  -6.24127853
 0.0530133140399  -6.24676279
 0.0397599855299  -6.25197823
 0.0265066570199  -6.2553964
 0.01325332851  -6.25674927
 0.0  -6.25740325
 0.0  -6.25740325
 0.01325332851  -6.25277121
 0.0265066570199  -6.2396826
 0.0397599855299  -6.21773536
 0.0530133140399  -6.18836621
 0.0662666425498  -6.15431979
 0.0795199710598  -6.11732968
 0.0927732995697  -6.08195615
 0.10602662808  -6.05208541
 0.11927995659  -6.03188785
 0.132533280063  -6.02339288
 0.145786608573  -6.02683953
 0.159039937083  -6.02975901
 0.172293265593  -6.06068156
 0.185546594103  -6.06575214
 0.198799922613  -6.06362436
 0.212053251123  -6.05874542
 0.225306579633  -6.05386232
 0.238559908143  -6.05093418
 0.251813236653  -6.04990597
 0.251813236653  -6.04990596
 0.255639140137  -6.05094948
 0.25946505089  -6.05398293
 0.263290954374  -6.0595346
 0.267116862219  -6.06673691
 0.270942765703  -6.07593506
 0.274768676456  -6.08703164
 0.278594579939  -6.09991748
 0.282420487785  -6.11443249
 0.286246391268  -6.12976983
 0.290072302021  -6.14680479
 0.293898205505  -6.15433182
 0.29772411335  -6.15102439
 0.301550016834  -6.14752497
 0.305375927587  -6.14445396
 0.309201831071  -6.14065558
 0.313027738916  -6.13635362
 0.3168536424  -6.13235046
 0.320679553153  -6.12841835
 0.324505456637  -6.12432943
 0.324505456637  -6.12432943
 0.335983178719  -6.11106318
 0.347460892562  -6.09500274
 0.358938614644  -6.07674573
 0.370416333334  -6.0509728
 0.38189405057  -5.97210924
 0.39337176926  -5.94594607
 0.404849491342  -5.99384232
 0.416327205185  -6.0263023
 0.427804927267  -6.03839966
 0.439282645957  -6.05901505
 0.450760368039  -6.08550188
 0.462238081882  -6.11562715
 0.473715803964  -6.14686957
 0.485193522654  -6.17729954
 0.49667123989  -6.20437093
 0.50814895858  -6.22727267
 0.519626680662  -6.24406219
 0.531104394505  -6.25389086
 0.542582116587  -6.25740325
 0.542582116587  -6.25740325
 0.549208780842  -6.25664595
 0.555835445097  -6.25441086
 0.562462109352  -6.25070851
 0.569088773607  -6.24563921
 0.575715437862  -6.23931464
 0.582342102117  -6.23240428
 0.588968766372  -6.22403509
 0.595595430627  -6.21493022
 0.602222094882  -6.20528317
 0.608848756619  -6.19458082
 0.615475420874  -6.18512356
 0.622102085129  -6.17559959
 0.628728749384  -6.16662759
 0.635355413639  -6.15829413
 0.641982077894  -6.15121282
 0.648608742149  -6.14554624
 0.655235406404  -6.1409678
 0.661862070659  -6.1383562
 0.668488734914  -6.13763161
 0.668488734914  -6.13763161
 0.679310028216  -6.13561455
 0.690131329743  -6.12974535
 0.700952623045  -6.11869046
 0.711773924571  -6.09752754
 0.722595217873  -6.06599863
 0.7334165194  -6.02798943
 0.744237812702  -5.9853598
 0.755059114228  -5.93963294
 0.76588040753  -5.89207483
 0.776701709057  -5.84356857
 0.787523002359  -5.79543911
 0.798344303885  -5.74811562
 0.809165597188  -5.70288265
 0.819986898714  -5.70938985
 0.830808192016  -5.77581429
 0.841629493543  -5.84169162
 0.852450786845  -5.90494625
 0.863272088371  -5.96250016
 0.874093381673  -6.00799909
 0.874093381673  -6.00799909
 0.88072004341  -6.0132476
 0.887346710183  -6.0267624
 0.89397337192  -6.04302291
 0.900600038693  -6.05857319
 0.90722670043  -6.07149492
 0.913853367203  -6.0806291
 0.92048002894  -6.08530684
 0.927106695713  -6.08579136
 0.93373335745  -6.08246372
 0.940360024223  -6.07707575
 0.94698668596  -6.07101236
 0.953613352733  -6.06559063
 0.96024001447  -6.06112911
 0.966866681243  -6.05734266
 0.97349334298  -6.05463721
 0.980120009753  -6.05264292
 0.98674667149  -6.05081789
 0.993373338263  -6.05012661
 1.0  -6.04990597
 1.0  -5.26538447
 0.993373338263  -5.27200563
 0.98674667149  -5.28905925
 0.980120009753  -5.31171951
 0.97349334298  -5.33653306
 0.966866681243  -5.36099791
 0.96024001447  -5.38403721
 0.953613352733  -5.40449828
 0.94698668596  -5.42204712
 0.940360024223  -5.43658521
 0.93373335745  -5.44829761
 0.927106695713  -5.45761995
 0.92048002894  -5.4671837
 0.913853367203  -5.48609177
 0.90722670043  -5.52636597
 0.900600038693  -5.57727468
 0.89397337192  -5.62813497
 0.887346710183  -5.67264432
 0.88072004341  -5.70415672
 0.874093381673  -5.71601473
 0.874093381673  -5.71601473
 0.863272088371  -5.6705264
 0.852450786845  -5.6336179
 0.841629493543  -5.61731725
 0.830808192016  -5.62968767
 0.819986898714  -5.66183708
 0.809165597188  -5.64365665
 0.798344303885  -5.57923424
 0.787523002359  -5.51649276
 0.776701709057  -5.45585963
 0.76588040753  -5.39786972
 0.755059114228  -5.34312546
 0.744237812702  -5.29204663
 0.7334165194  -5.24530518
 0.722595217873  -5.2033361
 0.711773924571  -5.16654598
 0.700952623045  -5.1358473
 0.690131329743  -5.11216287
 0.679310028216  -5.09676238
 0.668488734914  -5.09144422
 0.668488734914  -5.09144422
 0.661862070659  -5.09152151
 0.655235406404  -5.09198138
 0.648608742149  -5.09282532
 0.641982077894  -5.09386176
 0.635355413639  -5.09514616
 0.628728749384  -5.09680517
 0.622102085129  -5.09845598
 0.615475420874  -5.10021655
 0.608848756619  -5.101959
 0.602222094882  -5.10385148
 0.595595430627  -5.10568787
 0.588968766372  -5.10741198
 0.582342102117  -5.10900508
 0.575715437862  -5.11047641
 0.569088773607  -5.11169367
 0.562462109352  -5.11267433
 0.555835445097  -5.11339622
 0.549208780842  -5.11381935
 0.542582116587  -5.11396624
 0.542582116587  -5.11396624
 0.531104394505  -5.1162244
 0.519626680662  -5.12317982
 0.50814895858  -5.13528244
 0.49667123989  -5.15335752
 0.485193522654  -5.17840284
 0.473715803964  -5.21179914
 0.462238081882  -5.25470165
 0.450760368039  -5.30937023
 0.439282645957  -5.37727998
 0.427804927267  -5.4592982
 0.416327205185  -5.55394072
 0.404849491342  -5.65492273
 0.39337176926  -5.73805275
 0.38189405057  -5.74745099
 0.370416333334  -5.69830657
 0.358938614644  -5.63772872
 0.347460892562  -5.57901739
 0.335983178719  -5.52532735
 0.324505456637  -5.47898486
 0.324505456637  -5.47898486
 0.320679553153  -5.47463196
 0.3168536424  -5.47001257
 0.313027738916  -5.46505901
 0.309201831071  -5.45957554
 0.305375927587  -5.4532138
 0.301550016834  -5.44586814
 0.29772411335  -5.43741438
 0.293898205505  -5.42760585
 0.290072302021  -5.41644382
 0.286246391268  -5.40413123
 0.282420487785  -5.38989181
 0.278594579939  -5.37413278
 0.274768676456  -5.35705616
 0.270942765703  -5.33887915
 0.267116862219  -5.32001402
 0.263290954374  -5.3012216
 0.25946505089  -5.28385519
 0.255639140137  -5.27077247
 0.251813236653  -5.26538447
 0.251813236653  -5.26538447
 0.238559908143  -5.30321531
 0.225306579633  -5.37556272
 0.212053251123  -5.46036263
 0.198799922613  -5.5547804
 0.185546594103  -5.65823718
 0.172293265593  -5.77113236
 0.159039937083  -5.89277126
 0.145786608573  -5.93271775
 0.132533280063  -5.78928278
 0.11927995659  -5.63705862
 0.10602662808  -5.50142176
 0.0927732995697  -5.39005611
 0.0795199710598  -5.30303324
 0.0662666425498  -5.23715971
 0.0530133140399  -5.18846751
 0.0397599855299  -5.15410649
 0.0265066570199  -5.1311878
 0.01325332851  -5.11818078
 0.0  -5.11396624
 0.0  -5.11396624
 0.01325332851  -5.11561567
 0.0265066570199  -5.12047118
 0.0397599855299  -5.12820621
 0.0530133140399  -5.13811905
 0.0662666425498  -5.14900919
 0.0795199710598  -5.1587014
 0.0927732995697  -5.16430251
 0.10602662808  -5.16217059
 0.11927995659  -5.14860418
 0.132533280063  -5.12105609
 0.145786608573  -5.07903432
 0.159039937083  -5.02547902
 0.172293265593  -4.96465211
 0.185546594103  -4.9019377
 0.198799922613  -4.90095558
 0.212053251123  -4.98070865
 0.225306579633  -5.0519886
 0.238559908143  -5.11434027
 0.251813236653  -5.14974519
 0.251813236653  -5.14974518
 0.255639140137  -5.14364634
 0.25946505089  -5.125366
 0.263290954374  -5.10455503
 0.267116862219  -5.08079945
 0.270942765703  -5.05544683
 0.274768676456  -5.02920627
 0.278594579939  -5.0025028
 0.282420487785  -4.97566598
 0.286246391268  -4.94866433
 0.290072302021  -4.92067426
 0.293898205505  -4.89462902
 0.29772411335  -4.86926833
 0.301550016834  -4.84474182
 0.305375927587  -4.82158227
 0.309201831071  -4.81679754
 0.313027738916  -4.82850417
 0.3168536424  -4.84086562
 0.320679553153  -4.85363862
 0.324505456637  -4.86662591
 0.324505456637  -4.86662591
 0.335983178719  -4.90889222
 0.347460892562  -4.95296302
 0.358938614644  -4.9972045
 0.370416333334  -5.04013696
 0.38189405057  -5.07931809
 0.39337176926  -5.11295774
 0.404849491342  -5.13909997
 0.416327205185  -5.15625567
 0.427804927267  -5.16468179
 0.439282645957  -5.16561145
 0.450760368039  -5.1608601
 0.462238081882  -5.15291167
 0.473715803964  -5.14380787
 0.485193522654  -5.13508897
 0.49667123989  -5.12748805
 0.50814895858  -5.12152052
 0.519626680662  -5.11728166
 0.531104394505  -5.1147886
 0.542582116587  -5.11396624
 0.542582116587  -5.11396624
 0.549208780842  -5.11381935
 0.555835445097  -5.11339621
 0.562462109352  -5.11267433
 0.569088773607  -5.11169367
 0.575715437862  -5.11047641
 0.582342102117  -5.10900508
 0.588968766372  -5.10741198
 0.595595430627  -5.10568787
 0.602222094882  -5.10385148
 0.608848756619  -5.101959
 0.615475420874  -5.10021655
 0.622102085129  -5.09845598
 0.628728749384  -5.09680517
 0.635355413639  -5.09514616
 0.641982077894  -5.09386176
 0.648608742149  -5.09282532
 0.655235406404  -5.09198137
 0.661862070659  -5.09152151
 0.668488734914  -5.09144422
 0.668488734914  -5.09144422
 0.679310028216  -5.09353184
 0.690131329743  -5.09987226
 0.700952623045  -5.11059505
 0.711773924571  -5.12583342
 0.722595217873  -5.14584845
 0.7334165194  -5.17039143
 0.744237812702  -5.1994481
 0.755059114228  -5.23263779
 0.76588040753  -5.2686303
 0.776701709057  -5.30632813
 0.787523002359  -5.34341303
 0.798344303885  -5.37917739
 0.809165597188  -5.41350986
 0.819986898714  -5.44664681
 0.830808192016  -5.47535549
 0.841629493543  -5.49052461
 0.852450786845  -5.48352347
 0.863272088371  -5.46512242
 0.874093381673  -5.44757535
 0.874093381673  -5.44757535
 0.88072004341  -5.44767613
 0.887346710183  -5.44816106
 0.89397337192  -5.44837736
 0.900600038693  -5.44771306
 0.90722670043  -5.4434294
 0.913853367203  -5.42673035
 0.92048002894  -5.38841863
 0.927106695713  -5.34181471
 0.93373335745  -5.29615792
 0.940360024223  -5.25452645
 0.94698668596  -5.21815808
 0.953613352733  -5.18794767
 0.96024001447  -5.16455094
 0.966866681243  -5.14806223
 0.97349334298  -5.13932483
 0.980120009753  -5.13691014
 0.98674667149  -5.14037493
 0.993373338263  -5.146268
 1.0  -5.14974518
 1.0  -4.71931913
 0.993373338263  -4.71589758
 0.98674667149  -4.70570234
 0.980120009753  -4.68876173
 0.97349334298  -4.66580763
 0.966866681243  -4.63701556
 0.96024001447  -4.60471641
 0.953613352733  -4.56957995
 0.94698668596  -4.53317119
 0.940360024223  -4.49640752
 0.93373335745  -4.46000621
 0.927106695713  -4.42471778
 0.92048002894  -4.39092258
 0.913853367203  -4.35937255
 0.90722670043  -4.33000115
 0.900600038693  -4.30269625
 0.89397337192  -4.27844379
 0.887346710183  -4.25695167
 0.88072004341  -4.23893627
 0.874093381673  -4.23017565
 0.874093381673  -4.23017565
 0.863272088371  -4.25871793
 0.852450786845  -4.32263713
 0.841629493543  -4.38344259
 0.830808192016  -4.43576276
 0.819986898714  -4.47528995
 0.809165597188  -4.49827533
 0.798344303885  -4.50138516
 0.787523002359  -4.48196505
 0.776701709057  -4.43814066
 0.76588040753  -4.37051074
 0.755059114228  -4.27909891
 0.744237812702  -4.16637844
 0.7334165194  -4.03532184
 0.722595217873  -4.1262655
 0.711773924571  -4.24859206
 0.700952623045  -4.35601321
 0.690131329743  -4.44203084
 0.679310028216  -4.49775582
 0.668488734914  -4.51737135
 0.668488734914  -4.51737135
 0.661862070659  -4.51391825
 0.655235406404  -4.50423229
 0.648608742149  -4.49036847
 0.641982077894  -4.4741147
 0.635355413639  -4.45583508
 0.628728749384  -4.43797345
 0.622102085129  -4.42116555
 0.615475420874  -4.4059991
 0.608848756619  -4.39260762
 0.602222094882  -4.3813424
 0.595595430627  -4.37147568
 0.588968766372  -4.36313628
 0.582342102117  -4.3562029
 0.575715437862  -4.35092916
 0.569088773607  -4.34645672
 0.562462109352  -4.343055
 0.555835445097  -4.34066673
 0.549208780842  -4.33867193
 0.542582116587  -4.33821395
 0.542582116587  -4.33821394
 0.531104394505  -4.3377661
 0.519626680662  -4.33633805
 0.50814895858  -4.33298153
 0.49667123989  -4.32534156
 0.485193522654  -4.31236607
 0.473715803964  -4.2915329
 0.462238081882  -4.26114344
 0.450760368039  -4.22204965
 0.439282645957  -4.18425742
 0.427804927267  -4.18306129
 0.416327205185  -4.25916757
 0.404849491342  -4.3730588
 0.39337176926  -4.48096958
 0.38189405057  -4.56956238
 0.370416333334  -4.63708012
 0.358938614644  -4.68477394
 0.347460892562  -4.71489975
 0.335983178719  -4.72945135
 0.324505456637  -4.73188149
 0.324505456637  -4.73188149
 0.320679553153  -4.74560175
 0.3168536424  -4.76156009
 0.313027738916  -4.77966465
 0.309201831071  -4.79981848
 0.305375927587  -4.8052692
 0.301550016834  -4.79427741
 0.29772411335  -4.78385424
 0.293898205505  -4.77405319
 0.290072302021  -4.76493772
 0.286246391268  -4.7567941
 0.282420487785  -4.7491562
 0.278594579939  -4.74230394
 0.274768676456  -4.73628767
 0.270942765703  -4.73114071
 0.267116862219  -4.72687253
 0.263290954374  -4.72354004
 0.25946505089  -4.72114264
 0.255639140137  -4.7198002
 0.251813236653  -4.71931913
 0.251813236653  -4.71931913
 0.238559908143  -4.72770184
 0.225306579633  -4.75240502
 0.212053251123  -4.79159371
 0.198799922613  -4.84265727
 0.185546594103  -4.80974333
 0.172293265593  -4.70486272
 0.159039937083  -4.58410781
 0.145786608573  -4.4497298
 0.132533280063  -4.31902478
 0.11927995659  -4.23613473
 0.10602662808  -4.22491875
 0.0927732995697  -4.2474757
 0.0795199710598  -4.27445442
 0.0662666425498  -4.29678045
 0.0530133140399  -4.31313564
 0.0397599855299  -4.32515782
 0.0265066570199  -4.33278881
 0.01325332851  -4.33684121
 0.0  -4.33821395
 0.0  -2.46571911
 0.01325332851  -2.49623691
 0.0265066570199  -2.58248784
 0.0397599855299  -2.70985681
 0.0530133140399  -2.86632744
 0.0662666425498  -3.0450178
 0.0795199710598  -3.23874249
 0.0927732995697  -3.44017605
 0.10602662808  -3.63159956
 0.11927995659  -3.76876012
 0.132533280063  -3.79829578
 0.145786608573  -3.74393119
 0.159039937083  -3.68421255
 0.172293265593  -3.71024087
 0.185546594103  -3.78516349
 0.198799922613  -3.86545361
 0.212053251123  -3.9376668
 0.225306579633  -3.99607217
 0.238559908143  -4.03341919
 0.251813236653  -4.04583661
 0.251813236653  -4.04583661
 0.255639140137  -4.04629137
 0.25946505089  -4.04754641
 0.263290954374  -4.0497429
 0.267116862219  -4.05269057
 0.270942765703  -4.05668274
 0.274768676456  -4.0607436
 0.278594579939  -4.06508522
 0.282420487785  -4.06961841
 0.286246391268  -4.07369857
 0.290072302021  -4.07695492
 0.293898205505  -4.0795559
 0.29772411335  -4.08096143
 0.301550016834  -4.08061592
 0.305375927587  -4.07807424
 0.309201831071  -4.07312073
 0.313027738916  -4.0642756
 0.3168536424  -4.05220267
 0.320679553153  -4.03615029
 0.324505456637  -4.0157501
 0.324505456637  -4.0157501
 0.335983178719  -3.88504866
 0.347460892562  -3.74774537
 0.358938614644  -3.60961697
 0.370416333334  -3.48233103
 0.38189405057  -3.42622216
 0.39337176926  -3.52820171
 0.404849491342  -3.66036173
 0.416327205185  -3.75903314
 0.427804927267  -3.77343016
 0.439282645957  -3.66674561
 0.450760368039  -3.48840985
 0.462238081882  -3.28816363
 0.473715803964  -3.0900844
 0.485193522654  -2.90796267
 0.49667123989  -2.75165276
 0.50814895858  -2.62784252
 0.519626680662  -2.53827586
 0.531104394505  -2.48371878
 0.542582116587  -2.46571911
 0.542582116587  -2.46571911
 0.549208780842  -2.4718663
 0.555835445097  -2.48986611
 0.562462109352  -2.51838025
 0.569088773607  -2.55560721
 0.575715437862  -2.59949786
 0.582342102117  -2.64847132
 0.588968766372  -2.69979524
 0.595595430627  -2.7522495
 0.602222094882  -2.80432596
 0.608848756619  -2.85414839
 0.615475420874  -2.90253645
 0.622102085129  -2.94707958
 0.628728749384  -2.98729579
 0.635355413639  -3.02200518
 0.641982077894  -3.05161833
 0.648608742149  -3.0755292
 0.655235406404  -3.09222233
 0.661862070659  -3.10260839
 0.668488734914  -3.10656771
 0.668488734914  -3.10656771
 0.679310028216  -3.21517902
 0.690131329743  -3.38591308
 0.700952623045  -3.55902351
 0.711773924571  -3.72826662
 0.722595217873  -3.88819818
 0.7334165194  -3.99427093
 0.744237812702  -3.85846892
 0.755059114228  -3.72339502
 0.76588040753  -3.59286865
 0.776701709057  -3.47053707
 0.787523002359  -3.35904534
 0.798344303885  -3.26215545
 0.809165597188  -3.32520891
 0.819986898714  -3.52545268
 0.830808192016  -3.71005901
 0.841629493543  -3.87498881
 0.852450786845  -4.017095
 0.863272088371  -4.13570404
 0.874093381673  -4.19806455
 0.874093381673  -4.19806455
 0.88072004341  -4.19068988
 0.887346710183  -4.17749669
 0.89397337192  -4.16375724
 0.900600038693  -4.15069075
 0.90722670043  -4.13862991
 0.913853367203  -4.12701382
 0.92048002894  -4.11605812
 0.927106695713  -4.10568282
 0.93373335745  -4.09603917
 0.940360024223  -4.08706598
 0.94698668596  -4.07848185
 0.953613352733  -4.07123549
 0.96024001447  -4.06486226
 0.966866681243  -4.05924942
 0.97349334298  -4.05455556
 0.980120009753  -4.05082636
 0.98674667149  -4.0479574
 0.993373338263  -4.04636871
 1.0  -4.04583661
 1.0  -2.39359056
 0.993373338263  -2.422358
 0.98674667149  -2.4859422
 0.980120009753  -2.55930898
 0.97349334298  -2.63475942
 0.966866681243  -2.70935835
 0.96024001447  -2.78209415
 0.953613352733  -2.85260794
 0.94698668596  -2.92069315
 0.940360024223  -2.98616828
 0.93373335745  -3.04821106
 0.927106695713  -3.10606566
 0.92048002894  -3.15931311
 0.913853367203  -3.20741113
 0.90722670043  -3.24931429
 0.900600038693  -3.2846014
 0.89397337192  -3.31276731
 0.887346710183  -3.33381575
 0.88072004341  -3.34597234
 0.874093381673  -3.35066471
 0.874093381673  -3.3506647
 0.863272088371  -3.25180359
 0.852450786845  -3.1307607
 0.841629493543  -3.01276519
 0.830808192016  -3.04632411
 0.819986898714  -3.09869811
 0.809165597188  -3.16586895
 0.798344303885  -3.097882
 0.787523002359  -2.87504768
 0.776701709057  -2.67204319
 0.76588040753  -2.67858115
 0.755059114228  -2.75880949
 0.744237812702  -2.8370309
 0.7334165194  -2.90757059
 0.722595217873  -2.96770834
 0.711773924571  -3.01706298
 0.700952623045  -3.05586961
 0.690131329743  -3.08396497
 0.679310028216  -3.10079915
 0.668488734914  -3.10656771
 0.668488734914  -3.10656771
 0.661862070659  -3.10260839
 0.655235406404  -3.09222232
 0.648608742149  -3.07552919
 0.641982077894  -3.05161833
 0.635355413639  -3.02200518
 0.628728749384  -2.98729578
 0.622102085129  -2.94707958
 0.615475420874  -2.90253645
 0.608848756619  -2.85414839
 0.602222094882  -2.80432595
 0.595595430627  -2.7522495
 0.588968766372  -2.69979524
 0.582342102117  -2.6484713
 0.575715437862  -2.59949786
 0.569088773607  -2.55560721
 0.562462109352  -2.51838025
 0.555835445097  -2.4898661
 0.549208780842  -2.4718663
 0.542582116587  -2.4657191
 0.542582116587  -2.4657191
 0.531104394505  -2.48071741
 0.519626680662  -2.52353236
 0.50814895858  -2.58583341
 0.49667123989  -2.65859473
 0.485193522654  -2.73360884
 0.473715803964  -2.80259277
 0.462238081882  -2.86068245
 0.450760368039  -2.90303901
 0.439282645957  -2.92668822
 0.427804927267  -2.92955059
 0.416327205185  -2.91200965
 0.404849491342  -2.96476223
 0.39337176926  -3.10032858
 0.38189405057  -3.18017678
 0.370416333334  -3.08643258
 0.358938614644  -2.91117531
 0.347460892562  -2.72322173
 0.335983178719  -2.53750589
 0.324505456637  -2.40451034
 0.324505456637  -2.40451037
 0.320679553153  -2.40891795
 0.3168536424  -2.41229643
 0.313027738916  -2.414917
 0.309201831071  -2.41796388
 0.305375927587  -2.41891036
 0.301550016834  -2.41890497
 0.29772411335  -2.41831352
 0.293898205505  -2.41703194
 0.290072302021  -2.41513898
 0.286246391268  -2.41422658
 0.282420487785  -2.41147748
 0.278594579939  -2.40844174
 0.274768676456  -2.40526541
 0.270942765703  -2.40211231
 0.267116862219  -2.39916045
 0.263290954374  -2.39659502
 0.25946505089  -2.39459127
 0.255639140137  -2.39401324
 0.251813236653  -2.39359054
 0.251813236653  -2.39359043
 0.238559908143  -2.47267748
 0.225306579633  -2.63497117
 0.212053251123  -2.81998234
 0.198799922613  -3.01105808
 0.185546594103  -3.19497741
 0.172293265593  -3.35170516
 0.159039937083  -3.42902407
 0.145786608573  -3.37554276
 0.132533280063  -3.25806889
 0.11927995659  -3.10945433
 0.10602662808  -2.92861529
 0.0927732995697  -2.82217208
 0.0795199710598  -2.76165608
 0.0662666425498  -2.69447774
 0.0530133140399  -2.6253311
 0.0397599855299  -2.56207474
 0.0265066570199  -2.5108438
 0.01325332851  -2.47713964
 0.0  -2.46571911
 0.0  -1.14372861
 0.01325332851  -1.22423569
 0.0265066570199  -1.39919176
 0.0397599855299  -1.63466625
 0.0530133140399  -1.90629801
 0.0662666425498  -2.19035534
 0.0795199710598  -2.46522184
 0.0927732995697  -2.71414773
 0.10602662808  -2.87227814
 0.11927995659  -2.90895487
 0.132533280063  -2.92927243
 0.145786608573  -2.93323746
 0.159039937083  -2.91882778
 0.172293265593  -2.88593869
 0.185546594103  -2.83393519
 0.198799922613  -2.76396497
 0.212053251123  -2.67570567
 0.225306579633  -2.57207615
 0.238559908143  -2.46164066
 0.251813236653  -2.3923991
 0.251813236653  -2.39239918
 0.255639140137  -2.39204314
 0.25946505089  -2.39029415
 0.263290954374  -2.3886131
 0.267116862219  -2.38632179
 0.270942765703  -2.38350066
 0.274768676456  -2.38024168
 0.278594579939  -2.376662
 0.282420487785  -2.3728998
 0.286246391268  -2.36907443
 0.290072302021  -2.36384743
 0.293898205505  -2.36048602
 0.29772411335  -2.3575807
 0.301550016834  -2.35525715
 0.305375927587  -2.35382305
 0.309201831071  -2.35337297
 0.313027738916  -2.35298194
 0.3168536424  -2.35516191
 0.320679553153  -2.35896008
 0.324505456637  -2.36443739
 0.324505456637  -2.36443735
 0.335983178719  -2.28859325
 0.347460892562  -2.39658283
 0.358938614644  -2.52392957
 0.370416333334  -2.63846994
 0.38189405057  -2.73575184
 0.39337176926  -2.81472636
 0.404849491342  -2.87403223
 0.416327205185  -2.81560694
 0.427804927267  -2.662018
 0.439282645957  -2.50290819
 0.450760368039  -2.33781391
 0.462238081882  -2.16536716
 0.473715803964  -1.98573744
 0.485193522654  -1.8000141
 0.49667123989  -1.61515644
 0.50814895858  -1.44141905
 0.519626680662  -1.2953274
 0.531104394505  -1.1908732
 0.542582116587  -1.14372861
 0.542582116587  -1.14372861
 0.549208780842  -1.14456907
 0.555835445097  -1.14669974
 0.562462109352  -1.18478928
 0.569088773607  -1.29021311
 0.575715437862  -1.40984248
 0.582342102117  -1.54151291
 0.588968766372  -1.67995834
 0.595595430627  -1.8232817
 0.602222094882  -1.96739285
 0.608848756619  -2.11175571
 0.615475420874  -2.25122437
 0.622102085129  -2.3851952
 0.628728749384  -2.50933877
 0.635355413639  -2.62020068
 0.641982077894  -2.71605221
 0.648608742149  -2.79337538
 0.655235406404  -2.85095241
 0.661862070659  -2.88585176
 0.668488734914  -2.89782515
 0.668488734914  -2.89782516
 0.679310028216  -2.78769091
 0.690131329743  -2.61492566
 0.700952623045  -2.43730304
 0.711773924571  -2.26568381
 0.722595217873  -2.10759158
 0.7334165194  -1.97561811
 0.744237812702  -1.89772626
 0.755059114228  -2.12148008
 0.76588040753  -2.35652586
 0.776701709057  -2.51296229
 0.787523002359  -2.45171967
 0.798344303885  -2.38218287
 0.809165597188  -2.53702633
 0.819986898714  -2.69311612
 0.830808192016  -2.84643924
 0.841629493543  -2.99411249
 0.852450786845  -2.99827141
 0.863272088371  -3.00579018
 0.874093381673  -3.03289403
 0.874093381673  -3.03289403
 0.88072004341  -3.0295126
 0.887346710183  -3.02110835
 0.89397337192  -3.00656795
 0.900600038693  -2.98655354
 0.90722670043  -2.96096395
 0.913853367203  -2.92955698
 0.92048002894  -2.89204811
 0.927106695713  -2.84983775
 0.93373335745  -2.80273742
 0.940360024223  -2.75100227
 0.94698668596  -2.6971582
 0.953613352733  -2.64212206
 0.96024001447  -2.58769806
 0.966866681243  -2.53624053
 0.97349334298  -2.48983215
 0.980120009753  -2.4497869
 0.98674667149  -2.41915189
 0.993373338263  -2.39987334
 1.0  -2.39239902
 1.0  -2.17979998
 0.993373338263  -2.14936873
 0.98674667149  -2.08685801
 0.980120009753  -2.04887633
 0.97349334298  -2.03974189
 0.966866681243  -2.03219282
 0.96024001447  -2.02430744
 0.953613352733  -2.01539018
 0.94698668596  -2.00596196
 0.940360024223  -1.99655539
 0.93373335745  -1.98656726
 0.927106695713  -1.97637711
 0.92048002894  -1.96604495
 0.913853367203  -1.95644265
 0.90722670043  -1.94744428
 0.900600038693  -1.93942377
 0.89397337192  -1.93283406
 0.887346710183  -1.92834529
 0.88072004341  -1.92537819
 0.874093381673  -1.92458739
 0.874093381673  -1.92458739
 0.863272088371  -1.95487506
 0.852450786845  -1.99524182
 0.841629493543  -2.04597522
 0.830808192016  -2.10790424
 0.819986898714  -2.18176647
 0.809165597188  -2.26626221
 0.798344303885  -2.3585781
 0.787523002359  -2.23316524
 0.776701709057  -2.09510864
 0.76588040753  -1.97906281
 0.755059114228  -1.90273252
 0.744237812702  -1.8883118
 0.7334165194  -1.67104052
 0.722595217873  -1.48378518
 0.711773924571  -1.34220297
 0.700952623045  -1.25496054
 0.690131329743  -1.21149076
 0.679310028216  -1.1912842
 0.668488734914  -1.18453751
 0.668488734914  -1.1845375
 0.661862070659  -1.18429908
 0.655235406404  -1.18362422
 0.648608742149  -1.18269291
 0.641982077894  -1.18123202
 0.635355413639  -1.17938122
 0.628728749384  -1.17756084
 0.622102085129  -1.17513428
 0.615475420874  -1.1724936
 0.608848756619  -1.16949463
 0.602222094882  -1.16677429
 0.595595430627  -1.16388089
 0.588968766372  -1.16094452
 0.582342102117  -1.15802351
 0.575715437862  -1.15512442
 0.569088773607  -1.15223942
 0.562462109352  -1.14938706
 0.555835445097  -1.14669974
 0.549208780842  -1.14456907
 0.542582116587  -1.1437286
 0.542582116587  -1.14372861
 0.531104394505  -1.18916086
 0.519626680662  -1.25322599
 0.50814895858  -1.30086925
 0.49667123989  -1.33402929
 0.485193522654  -1.35624995
 0.473715803964  -1.37121007
 0.462238081882  -1.38245959
 0.450760368039  -1.39300926
 0.439282645957  -1.40590463
 0.427804927267  -1.42463766
 0.416327205185  -1.45363935
 0.404849491342  -1.49789751
 0.39337176926  -1.56203077
 0.38189405057  -1.65069748
 0.370416333334  -1.76480914
 0.358938614644  -1.90041812
 0.347460892562  -2.05126659
 0.335983178719  -2.17888894
 0.324505456637  -2.07625041
 0.324505456637  -2.07625043
 0.320679553153  -2.07850353
 0.3168536424  -2.08152951
 0.313027738916  -2.08557505
 0.309201831071  -2.0912286
 0.305375927587  -2.09682699
 0.301550016834  -2.10265579
 0.29772411335  -2.10953758
 0.293898205505  -2.11687852
 0.290072302021  -2.12455713
 0.286246391268  -2.13260137
 0.282420487785  -2.14045345
 0.278594579939  -2.14812333
 0.274768676456  -2.15542769
 0.270942765703  -2.16215522
 0.267116862219  -2.16805086
 0.263290954374  -2.17296062
 0.25946505089  -2.17664788
 0.255639140137  -2.1790285
 0.251813236653  -2.17979997
 0.251813236653  -2.17979998
 0.238559908143  -2.10246002
 0.225306579633  -1.96646381
 0.212053251123  -1.82588035
 0.198799922613  -1.6969285
 0.185546594103  -1.59141592
 0.172293265593  -1.51620959
 0.159039937083  -1.4703401
 0.145786608573  -1.44812701
 0.132533280063  -1.4420299
 0.11927995659  -1.44466021
 0.10602662808  -1.4509426
 0.0927732995697  -1.45577823
 0.0795199710598  -1.45471842
 0.0662666425498  -1.44305043
 0.0530133140399  -1.41620213
 0.0397599855299  -1.36998932
 0.0265066570199  -1.30162273
 0.01325332851  -1.21320697
 0.0  -1.14372861
 0.0  -1.01442527
 0.01325332851  -1.01459837
 0.0265066570199  -1.01892275
 0.0397599855299  -1.02599192
 0.0530133140399  -1.03553073
 0.0662666425498  -1.04730532
 0.0795199710598  -1.06240211
 0.0927732995697  -1.07854185
 0.10602662808  -1.09587354
 0.11927995659  -1.11419119
 0.132533280063  -1.13291942
 0.145786608573  -1.15808211
 0.159039937083  -1.20689038
 0.172293265593  -1.30242349
 0.185546594103  -1.42699558
 0.198799922613  -1.56256324
 0.212053251123  -1.70271303
 0.225306579633  -1.84445137
 0.238559908143  -1.97635781
 0.251813236653  -2.04613211
 0.251813236653  -2.0461321
 0.255639140137  -2.04528898
 0.25946505089  -2.04273856
 0.263290954374  -2.03890477
 0.267116862219  -2.03322639
 0.270942765703  -2.02618565
 0.274768676456  -2.01776199
 0.278594579939  -2.00817192
 0.282420487785  -1.99757453
 0.286246391268  -1.98574301
 0.290072302021  -1.97315157
 0.293898205505  -1.96031679
 0.29772411335  -1.94720966
 0.301550016834  -1.93363292
 0.305375927587  -1.92018915
 0.309201831071  -1.90680946
 0.313027738916  -1.8926355
 0.3168536424  -1.87901416
 0.320679553153  -1.86578068
 0.324505456637  -1.85236029
 0.324505456637  -1.85236024
 0.335983178719  -1.67619349
 0.347460892562  -1.51393926
 0.358938614644  -1.37355316
 0.370416333334  -1.26119636
 0.38189405057  -1.180406
 0.39337176926  -1.13868767
 0.404849491342  -1.13235229
 0.416327205185  -1.1363266
 0.427804927267  -1.14316457
 0.439282645957  -1.15000456
 0.450760368039  -1.15480458
 0.462238081882  -1.156844
 0.473715803964  -1.15355137
 0.485193522654  -1.14311013
 0.49667123989  -1.12465725
 0.50814895858  -1.09634783
 0.519626680662  -1.06075652
 0.531104394505  -1.02724409
 0.542582116587  -1.01442526
 0.542582116587  -1.01442526
 0.549208780842  -1.03600446
 0.555835445097  -1.09773321
 0.562462109352  -1.14938706
 0.569088773607  -1.15223942
 0.575715437862  -1.15512442
 0.582342102117  -1.15802351
 0.588968766372  -1.16094452
 0.595595430627  -1.16388089
 0.602222094882  -1.16677429
 0.608848756619  -1.16949463
 0.615475420874  -1.1724936
 0.622102085129  -1.17513428
 0.628728749384  -1.17756084
 0.635355413639  -1.17938122
 0.641982077894  -1.18123202
 0.648608742149  -1.18269291
 0.655235406404  -1.18362422
 0.661862070659  -1.18429908
 0.668488734914  -1.1845375
 0.668488734914  -1.1845375
 0.679310028216  -1.19021345
 0.690131329743  -1.21022777
 0.700952623045  -1.24416366
 0.711773924571  -1.28767589
 0.722595217873  -1.33804697
 0.7334165194  -1.38346373
 0.744237812702  -1.39927308
 0.755059114228  -1.35961136
 0.76588040753  -1.27946075
 0.776701709057  -1.19529711
 0.787523002359  -1.12955545
 0.798344303885  -1.09338959
 0.809165597188  -1.08653514
 0.819986898714  -1.10078597
 0.830808192016  -1.12466673
 0.841629493543  -1.15350664
 0.852450786845  -1.1832025
 0.863272088371  -1.21385584
 0.874093381673  -1.24558318
 0.874093381673  -1.24558315
 0.88072004341  -1.24741819
 0.887346710183  -1.25390995
 0.89397337192  -1.26496001
 0.900600038693  -1.28155779
 0.90722670043  -1.30539844
 0.913853367203  -1.33583547
 0.92048002894  -1.37405391
 0.927106695713  -1.42070746
 0.93373335745  -1.47490664
 0.940360024223  -1.53628056
 0.94698668596  -1.60409688
 0.953613352733  -1.67759247
 0.96024001447  -1.755475
 0.966866681243  -1.83579722
 0.97349334298  -1.91696018
 0.980120009753  -1.99464877
 0.98674667149  -2.03786456
 0.993373338263  -2.04468354
 1.0  -2.04613211
 1.0  -1.17857993
 0.993373338263  -1.17394646
 0.98674667149  -1.16035991
 0.980120009753  -1.13891153
 0.97349334298  -1.11045342
 0.966866681243  -1.0762239
 0.96024001447  -1.03786244
 0.953613352733  -0.99636861
 0.94698668596  -0.95271372
 0.940360024223  -0.90801289
 0.93373335745  -0.86259746
 0.927106695713  -0.8172664
 0.92048002894  -0.772738
 0.913853367203  -0.73100006
 0.90722670043  -0.69302729
 0.900600038693  -0.66147546
 0.89397337192  -0.63853537
 0.887346710183  -0.6248517
 0.88072004341  -0.61749977
 0.874093381673  -0.61540259
 0.874093381673  -0.61540259
 0.863272088371  -0.67361773
 0.852450786845  -0.73581189
 0.841629493543  -0.79724287
 0.830808192016  -0.85365668
 0.819986898714  -0.90188549
 0.809165597188  -0.94015461
 0.798344303885  -0.96847451
 0.787523002359  -0.98795364
 0.776701709057  -1.00005126
 0.76588040753  -1.00657432
 0.755059114228  -1.00791771
 0.744237812702  -1.00397591
 0.7334165194  -0.9928168
 0.722595217873  -0.96939114
 0.711773924571  -0.92754425
 0.700952623045  -0.86897766
 0.690131329743  -0.81209581
 0.679310028216  -0.77338102
 0.668488734914  -0.76035496
 0.668488734914  -0.76035496
 0.661862070659  -0.75953785
 0.655235406404  -0.75754034
 0.648608742149  -0.75431644
 0.641982077894  -0.75013124
 0.635355413639  -0.74492917
 0.628728749384  -0.73912583
 0.622102085129  -0.73287045
 0.615475420874  -0.72660316
 0.608848756619  -0.72020565
 0.602222094882  -0.71540603
 0.595595430627  -0.7127866
 0.588968766372  -0.72340773
 0.582342102117  -0.78822138
 0.575715437862  -0.84860492
 0.569088773607  -0.9028183
 0.562462109352  -0.9486927
 0.555835445097  -0.98403817
 0.549208780842  -1.00661011
 0.542582116587  -1.01442498
 0.542582116587  -1.01442517
 0.531104394505  -0.99714839
 0.519626680662  -0.97838636
 0.50814895858  -0.97313837
 0.49667123989  -0.97734705
 0.485193522654  -0.98680277
 0.473715803964  -0.99907297
 0.462238081882  -1.01096012
 0.450760368039  -1.02200916
 0.439282645957  -1.0318981
 0.427804927267  -1.04095065
 0.416327205185  -1.05166056
 0.404849491342  -1.06788097
 0.39337176926  -1.08845307
 0.38189405057  -1.09739423
 0.370416333334  -1.09552408
 0.358938614644  -1.09288164
 0.347460892562  -1.09204769
 0.335983178719  -1.09412748
 0.324505456637  -1.0996331
 0.324505456637  -1.09963313
 0.320679553153  -1.10121273
 0.3168536424  -1.10364416
 0.313027738916  -1.10692769
 0.309201831071  -1.11108824
 0.305375927587  -1.11584838
 0.301550016834  -1.12117467
 0.29772411335  -1.1271183
 0.293898205505  -1.13325051
 0.290072302021  -1.13951714
 0.286246391268  -1.14599128
 0.282420487785  -1.15222339
 0.278594579939  -1.15774949
 0.274768676456  -1.16296516
 0.270942765703  -1.16757928
 0.267116862219  -1.17142126
 0.263290954374  -1.17454923
 0.25946505089  -1.1767201
 0.255639140137  -1.17811482
 0.251813236653  -1.17857994
 0.251813236653  -1.17857994
 0.238559908143  -1.17706143
 0.225306579633  -1.17207882
 0.212053251123  -1.16440911
 0.198799922613  -1.15423251
 0.185546594103  -1.14067556
 0.172293265593  -1.12220511
 0.159039937083  -1.08443356
 0.145786608573  -1.01856394
 0.132533280063  -0.95618489
 0.11927995659  -0.91711427
 0.10602662808  -0.89806518
 0.0927732995697  -0.89138768
 0.0795199710598  -0.89110444
 0.0662666425498  -0.892678
 0.0530133140399  -0.8965349
 0.0397599855299  -0.90672293
 0.0265066570199  -0.93033666
 0.01325332851  -0.97523165
 0.0  -1.01442519
 0.0  -1.01238112
 0.01325332851  -0.92605499
 0.0265066570199  -0.78268027
 0.0397599855299  -0.64423217
 0.0530133140399  -0.54408122
 0.0662666425498  -0.4510853
 0.0795199710598  -0.38350875
 0.0927732995697  -0.3527627
 0.10602662808  -0.3657407
 0.11927995659  -0.4108863
 0.132533280063  -0.46491558
 0.145786608573  -0.50775398
 0.159039937083  -0.52945871
 0.172293265593  -0.53359231
 0.185546594103  -0.5542563
 0.198799922613  -0.62161307
 0.212053251123  -0.66525742
 0.225306579633  -0.6907502
 0.238559908143  -0.70367502
 0.251813236653  -0.70764827
 0.251813236653  -0.70764827
 0.255639140137  -0.70754861
 0.25946505089  -0.70708561
 0.263290954374  -0.70656428
 0.267116862219  -0.70582098
 0.270942765703  -0.70485434
 0.274768676456  -0.70362118
 0.278594579939  -0.70211371
 0.282420487785  -0.70030635
 0.286246391268  -0.69813881
 0.290072302021  -0.6956501
 0.293898205505  -0.69280074
 0.29772411335  -0.68956004
 0.301550016834  -0.6859045
 0.305375927587  -0.68181923
 0.309201831071  -0.67733198
 0.313027738916  -0.67231241
 0.3168536424  -0.66688576
 0.320679553153  -0.66104391
 0.324505456637  -0.65476724
 0.324505456637  -0.65476724
 0.335983178719  -0.63563896
 0.347460892562  -0.60816159
 0.358938614644  -0.56849888
 0.370416333334  -0.51294712
 0.38189405057  -0.4400155
 0.39337176926  -0.38339072
 0.404849491342  -0.35893717
 0.416327205185  -0.33867423
 0.427804927267  -0.33213372
 0.439282645957  -0.34227358
 0.450760368039  -0.36967708
 0.462238081882  -0.41259754
 0.473715803964  -0.46821959
 0.485193522654  -0.53386073
 0.49667123989  -0.60364606
 0.50814895858  -0.67864046
 0.519626680662  -0.82073084
 0.531104394505  -0.94542968
 0.542582116587  -1.01238101
 0.542582116587  -1.0123811
 0.549208780842  -1.00661008
 0.555835445097  -0.9840377
 0.562462109352  -0.94869267
 0.569088773607  -0.90281828
 0.575715437862  -0.84860486
 0.582342102117  -0.7882213
 0.588968766372  -0.7234075
 0.595595430627  -0.65597705
 0.602222094882  -0.58722163
 0.608848756619  -0.51884763
 0.615475420874  -0.45283818
 0.622102085129  -0.38989788
 0.628728749384  -0.33148504
 0.635355413639  -0.27721544
 0.641982077894  -0.23198608
 0.648608742149  -0.19563884
 0.655235406404  -0.16806045
 0.661862070659  -0.15139586
 0.668488734914  -0.14659565
 0.668488734914  -0.14659566
 0.679310028216  -0.15561233
 0.690131329743  -0.17961367
 0.700952623045  -0.20735299
 0.711773924571  -0.23506431
 0.722595217873  -0.28591819
 0.7334165194  -0.34450334
 0.744237812702  -0.40775601
 0.755059114228  -0.47093615
 0.76588040753  -0.52833645
 0.776701709057  -0.57138465
 0.787523002359  -0.59222835
 0.798344303885  -0.58643445
 0.809165597188  -0.55922259
 0.819986898714  -0.52353959
 0.830808192016  -0.49037452
 0.841629493543  -0.46635398
 0.852450786845  -0.45242099
 0.863272088371  -0.45050181
 0.874093381673  -0.50052499
 0.874093381673  -0.50052498
 0.88072004341  -0.50672853
 0.887346710183  -0.52265989
 0.89397337192  -0.54112846
 0.900600038693  -0.558415
 0.90722670043  -0.5733426
 0.913853367203  -0.58720331
 0.92048002894  -0.60169801
 0.927106695713  -0.61686336
 0.93373335745  -0.63207102
 0.940360024223  -0.64641766
 0.94698668596  -0.65954401
 0.953613352733  -0.67112186
 0.96024001447  -0.68105577
 0.966866681243  -0.68925462
 0.97349334298  -0.69602065
 0.980120009753  -0.70109863
 0.98674667149  -0.70471652
 0.993373338263  -0.70687929
 1.0  -0.70764827
 1.0  -0.48006367
 0.993373338263  -0.48052179
 0.98674667149  -0.48184351
 0.980120009753  -0.48422004
 0.97349334298  -0.48707413
 0.966866681243  -0.49033144
 0.96024001447  -0.49380556
 0.953613352733  -0.49706692
 0.94698668596  -0.49979903
 0.940360024223  -0.50203752
 0.93373335745  -0.50222846
 0.927106695713  -0.50015109
 0.92048002894  -0.49568532
 0.913853367203  -0.48774019
 0.90722670043  -0.47780296
 0.900600038693  -0.46743214
 0.89397337192  -0.4599343
 0.887346710183  -0.45653801
 0.88072004341  -0.45639846
 0.874093381673  -0.45781284
 0.874093381673  -0.45781279
 0.863272088371  -0.43130301
 0.852450786845  -0.36765895
 0.841629493543  -0.31345262
 0.830808192016  -0.26995202
 0.819986898714  -0.23931145
 0.809165597188  -0.21998022
 0.798344303885  -0.21074135
 0.787523002359  -0.20995745
 0.776701709057  -0.21394944
 0.76588040753  -0.22210403
 0.755059114228  -0.23082191
 0.744237812702  -0.23940888
 0.7334165194  -0.24370295
 0.722595217873  -0.24145788
 0.711773924571  -0.2293072
 0.700952623045  -0.19566731
 0.690131329743  -0.1679894
 0.679310028216  -0.15179118
 0.668488734914  -0.14659563
 0.668488734914  -0.14659546
 0.661862070659  -0.15139577
 0.655235406404  -0.16806039
 0.648608742149  -0.19563855
 0.641982077894  -0.23198579
 0.635355413639  -0.27721536
 0.628728749384  -0.33148497
 0.622102085129  -0.3898977
 0.615475420874  -0.45283808
 0.608848756619  -0.51884755
 0.602222094882  -0.58722157
 0.595595430627  -0.65597683
 0.588968766372  -0.71162528
 0.582342102117  -0.71340641
 0.575715437862  -0.71902342
 0.569088773607  -0.72918524
 0.562462109352  -0.74443393
 0.555835445097  -0.76410506
 0.549208780842  -0.78318004
 0.542582116587  -0.79268994
 0.542582116587  -0.7926901
 0.531104394505  -0.77723499
 0.519626680662  -0.73427389
 0.50814895858  -0.67312632
 0.49667123989  -0.53040567
 0.485193522654  -0.38536438
 0.473715803964  -0.25382749
 0.462238081882  -0.14827521
 0.450760368039  -0.08131218
 0.439282645957  -0.06227708
 0.427804927267  -0.09239477
 0.416327205185  -0.1617651
 0.404849491342  -0.25360167
 0.39337176926  -0.35075986
 0.38189405057  -0.40586736
 0.370416333334  -0.41953904
 0.358938614644  -0.42150807
 0.347460892562  -0.4148963
 0.335983178719  -0.40385934
 0.324505456637  -0.39306141
 0.324505456637  -0.39306137
 0.320679553153  -0.40520126
 0.3168536424  -0.41631864
 0.313027738916  -0.42654577
 0.309201831071  -0.43585312
 0.305375927587  -0.4435657
 0.301550016834  -0.45066255
 0.29772411335  -0.4567659
 0.293898205505  -0.46192711
 0.290072302021  -0.46626101
 0.286246391268  -0.4698287
 0.282420487785  -0.4727502
 0.278594579939  -0.47483146
 0.274768676456  -0.47657639
 0.270942765703  -0.47790343
 0.267116862219  -0.47840177
 0.263290954374  -0.47910648
 0.25946505089  -0.47957597
 0.255639140137  -0.47997862
 0.251813236653  -0.48006365
 0.251813236653  -0.48006366
 0.238559908143  -0.48336875
 0.225306579633  -0.49098951
 0.212053251123  -0.50196455
 0.198799922613  -0.51489546
 0.185546594103  -0.52651231
 0.172293265593  -0.46289359
 0.159039937083  -0.35341252
 0.145786608573  -0.24052117
 0.132533280063  -0.14217749
 0.11927995659  -0.07915558
 0.10602662808  -0.06741315
 0.0927732995697  -0.11131582
 0.0795199710598  -0.20422598
 0.0662666425498  -0.3290979
 0.0530133140399  -0.47409526
 0.0397599855299  -0.62840977
 0.0265066570199  -0.7290046
 0.01325332851  -0.77826825
 0.0  -0.79269013
 0.0  1.90069044
 0.01325332851  1.87737082
 0.0265066570199  1.8102887
 0.0397599855299  1.71316364
 0.0530133140399  1.60061096
 0.0662666425498  1.4882869
 0.0795199710598  1.398555
 0.0927732995697  1.34801392
 0.10602662808  1.34262921
 0.11927995659  1.37983982
 0.132533280063  1.42788955
 0.145786608573  1.49238785
 0.159039937083  1.57424167
 0.172293265593  1.66070783
 0.185546594103  1.74483761
 0.198799922613  1.81785281
 0.212053251123  1.87915773
 0.225306579633  1.92517229
 0.238559908143  1.95319674
 0.251813236653  1.96270095
 0.251813236653  1.96270095
 0.255639140137  1.96251844
 0.25946505089  1.96200072
 0.263290954374  1.96109262
 0.267116862219  1.95983002
 0.270942765703  1.95816259
 0.274768676456  1.94618407
 0.278594579939  1.91316132
 0.282420487785  1.87588935
 0.286246391268  1.83532857
 0.290072302021  1.79068481
 0.293898205505  1.74296075
 0.29772411335  1.69222543
 0.301550016834  1.63949871
 0.305375927587  1.58414246
 0.309201831071  1.52697836
 0.313027738916  1.46932656
 0.3168536424  1.41066592
 0.320679553153  1.35117615
 0.324505456637  1.29221338
 0.324505456637  1.29221338
 0.335983178719  1.25900911
 0.347460892562  1.22818472
 0.358938614644  1.20156297
 0.370416333334  1.18019388
 0.38189405057  1.16717642
 0.39337176926  1.16497356
 0.404849491342  1.17589452
 0.416327205185  1.20361369
 0.427804927267  1.24726244
 0.439282645957  1.30745129
 0.450760368039  1.38087595
 0.462238081882  1.46394348
 0.473715803964  1.55204195
 0.485193522654  1.64105769
 0.49667123989  1.72541221
 0.50814895858  1.79628242
 0.519626680662  1.85218322
 0.531104394505  1.88860143
 0.542582116587  1.90069044
 0.542582116587  1.90069044
 0.549208780842  1.89868299
 0.555835445097  1.89262312
 0.562462109352  1.88271495
 0.569088773607  1.86904751
 0.575715437862  1.85182861
 0.582342102117  1.83083772
 0.588968766372  1.80735227
 0.595595430627  1.78135549
 0.602222094882  1.7533525
 0.608848756619  1.72508732
 0.615475420874  1.69400249
 0.622102085129  1.66373967
 0.628728749384  1.63442642
 0.635355413639  1.60734088
 0.641982077894  1.58299358
 0.648608742149  1.56213359
 0.655235406404  1.54719459
 0.661862070659  1.53760029
 0.668488734914  1.53390811
 0.668488734914  1.53390811
 0.679310028216  1.51967343
 0.690131329743  1.47828301
 0.700952623045  1.41632754
 0.711773924571  1.34291468
 0.722595217873  1.26768329
 0.7334165194  1.19834494
 0.744237812702  1.14018133
 0.755059114228  1.09468035
 0.76588040753  1.06271428
 0.776701709057  1.04291652
 0.787523002359  1.03501192
 0.798344303885  1.03840913
 0.809165597188  1.05154988
 0.819986898714  1.07296528
 0.830808192016  1.10092143
 0.841629493543  1.1330718
 0.852450786845  1.16668182
 0.863272088371  1.19929796
 0.874093381673  1.22797347
 0.874093381673  1.22797347
 0.88072004341  1.22859305
 0.887346710183  1.23346508
 0.89397337192  1.24841185
 0.900600038693  1.27332122
 0.90722670043  1.30856922
 0.913853367203  1.35296054
 0.92048002894  1.40498384
 0.927106695713  1.46349223
 0.93373335745  1.5260052
 0.940360024223  1.59067032
 0.94698668596  1.65642804
 0.953613352733  1.71864298
 0.96024001447  1.77734904
 0.966866681243  1.83076221
 0.97349334298  1.87616246
 0.980120009753  1.91313
 0.98674667149  1.94103476
 0.993373338263  1.95728039
 1.0  1.96270095
 1.0  2.04200967
 0.993373338263  2.03780938
 0.98674667149  2.02546009
 0.980120009753  2.00466295
 0.97349334298  1.97796567
 0.966866681243  1.94520564
 0.96024001447  1.90677368
 0.953613352733  1.863588
 0.94698668596  1.81563659
 0.940360024223  1.76349969
 0.93373335745  1.70842633
 0.927106695713  1.65118563
 0.92048002894  1.59380752
 0.913853367203  1.53544657
 0.90722670043  1.47872042
 0.900600038693  1.42551605
 0.89397337192  1.37733115
 0.887346710183  1.33678947
 0.88072004341  1.30815978
 0.874093381673  1.29676139
 0.874093381673  1.29676139
 0.863272088371  1.29270237
 0.852450786845  1.29764592
 0.841629493543  1.31205012
 0.830808192016  1.33564493
 0.819986898714  1.36616833
 0.809165597188  1.40172042
 0.798344303885  1.43886023
 0.787523002359  1.47599554
 0.776701709057  1.51086338
 0.76588040753  1.54125046
 0.755059114228  1.56420349
 0.744237812702  1.57994408
 0.7334165194  1.5868954
 0.722595217873  1.58637084
 0.711773924571  1.57882634
 0.700952623045  1.56555825
 0.690131329743  1.5504632
 0.679310028216  1.53858214
 0.668488734914  1.53390811
 0.668488734914  1.53390811
 0.661862070659  1.53760029
 0.655235406404  1.54719459
 0.648608742149  1.56213359
 0.641982077894  1.58299358
 0.635355413639  1.60734088
 0.628728749384  1.63442642
 0.622102085129  1.66373967
 0.615475420874  1.69400249
 0.608848756619  1.72508732
 0.602222094882  1.7533525
 0.595595430627  1.78135549
 0.588968766372  1.80735227
 0.582342102117  1.83083772
 0.575715437862  1.85182865
 0.569088773607  1.86904756
 0.562462109352  1.88271495
 0.555835445097  1.89262312
 0.549208780842  1.898683
 0.542582116587  1.90069044
 0.542582116587  1.90069044
 0.531104394505  1.88896969
 0.519626680662  1.853549
 0.50814895858  1.79867023
 0.49667123989  1.72800218
 0.485193522654  1.64669995
 0.473715803964  1.56474802
 0.462238081882  1.49232253
 0.450760368039  1.44354476
 0.439282645957  1.42995795
 0.427804927267  1.45456758
 0.416327205185  1.50984705
 0.404849491342  1.58329619
 0.39337176926  1.66437929
 0.38189405057  1.74178811
 0.370416333334  1.80769303
 0.358938614644  1.86244015
 0.347460892562  1.89757215
 0.335983178719  1.91364692
 0.324505456637  1.90872736
 0.324505456637  1.90872736
 0.320679553153  1.91327951
 0.3168536424  1.91839408
 0.313027738916  1.92280558
 0.309201831071  1.9256867
 0.305375927587  1.92988037
 0.301550016834  1.93481469
 0.29772411335  1.93862218
 0.293898205505  1.94222711
 0.290072302021  1.94550047
 0.286246391268  1.94861908
 0.282420487785  1.95138799
 0.278594579939  1.95395608
 0.274768676456  1.9562199
 0.270942765703  1.97467939
 0.267116862219  1.99840814
 0.263290954374  2.01709542
 0.25946505089  2.031167
 0.255639140137  2.03929216
 0.251813236653  2.04200967
 0.251813236653  2.04200967
 0.238559908143  2.03235028
 0.225306579633  2.00381506
 0.212053251123  1.95687183
 0.198799922613  1.89378964
 0.185546594103  1.81761634
 0.172293265593  1.7283256
 0.159039937083  1.63307892
 0.145786608573  1.53672658
 0.132533280063  1.44887299
 0.11927995659  1.39376816
 0.10602662808  1.39956762
 0.0927732995697  1.44601209
 0.0795199710598  1.52252133
 0.0662666425498  1.61243406
 0.0530133140399  1.70380239
 0.0397599855299  1.7840587
 0.0265066570199  1.84671175
 0.01325332851  1.88721895
 0.0  1.90069044
 0.0  3.29396051
 0.01325332851  3.3519139
 0.0265066570199  3.51686042
 0.0397599855299  3.76696374
 0.0530133140399  4.07714527
 0.0662666425498  4.4269328
 0.0795199710598  4.79675462
 0.0927732995697  5.17193157
 0.10602662808  5.53708641
 0.11927995659  5.883153
 0.132533280063  6.20165889
 0.145786608573  6.48198366
 0.159039937083  6.71887475
 0.172293265593  6.90487479
 0.185546594103  7.04305065
 0.198799922613  7.13228794
 0.212053251123  7.18481409
 0.225306579633  7.21167925
 0.238559908143  7.22318314
 0.251813236653  7.22621897
 0.251813236653  7.22621903
 0.255639140137  7.22898688
 0.25946505089  7.23726755
 0.263290954374  7.25094795
 0.267116862219  7.26999138
 0.270942765703  7.29415541
 0.274768676456  7.32327512
 0.278594579939  7.35708667
 0.282420487785  7.39524135
 0.286246391268  7.43786464
 0.290072302021  7.4839805
 0.293898205505  7.53354796
 0.29772411335  7.58618096
 0.301550016834  7.64197049
 0.305375927587  7.69966251
 0.309201831071  7.75925737
 0.313027738916  7.82093106
 0.3168536424  7.88327631
 0.320679553153  7.94632825
 0.324505456637  8.00971185
 0.324505456637  8.00971216
 0.335983178719  7.86015959
 0.347460892562  7.69085563
 0.358938614644  7.49777549
 0.370416333334  7.2776454
 0.38189405057  7.03368073
 0.39337176926  6.76743168
 0.404849491342  6.47898553
 0.416327205185  6.17470264
 0.427804927267  5.85396598
 0.439282645957  5.52178047
 0.450760368039  5.18441903
 0.462238081882  4.84699954
 0.473715803964  4.51558235
 0.485193522654  4.19939861
 0.49667123989  3.9094265
 0.50814895858  3.65953316
 0.519626680662  3.46364232
 0.531104394505  3.33759482
 0.542582116587  3.29396051
 0.542582116587  3.29396051
 0.549208780842  3.30858724
 0.555835445097  3.35186598
 0.562462109352  3.42209393
 0.569088773607  3.51670775
 0.575715437862  3.63264979
 0.582342102117  3.76665603
 0.588968766372  3.91563532
 0.595595430627  4.07663154
 0.602222094882  4.2488111
 0.608848756619  4.4261399
 0.615475420874  4.61053819
 0.622102085129  4.79551094
 0.628728749384  4.98159895
 0.635355413639  5.16986208
 0.641982077894  5.35334577
 0.648608742149  5.53312851
 0.655235406404  5.70643981
 0.661862070659  5.87035676
 0.668488734914  5.98031119
 0.668488734914  5.98031119
 0.679310028216  6.00824444
 0.690131329743  6.09024324
 0.700952623045  6.21884984
 0.711773924571  6.38397946
 0.722595217873  6.57683955
 0.7334165194  6.78869196
 0.744237812702  7.01115911
 0.755059114228  7.23493836
 0.76588040753  7.45480733
 0.776701709057  7.66780883
 0.787523002359  7.86596845
 0.798344303885  8.05111203
 0.809165597188  8.22287949
 0.819986898714  8.37957247
 0.830808192016  8.52433507
 0.841629493543  8.66107274
 0.852450786845  8.79630726
 0.863272088371  8.93230146
 0.874093381673  9.07507294
 0.874093381673  9.07508043
 0.88072004341  9.06064691
 0.887346710183  9.01809009
 0.89397337192  8.9498705
 0.900600038693  8.85829658
 0.90722670043  8.74476745
 0.913853367203  8.61367133
 0.92048002894  8.4684727
 0.927106695713  8.31607614
 0.93373335745  8.16263818
 0.940360024223  8.01163764
 0.94698668596  7.86675723
 0.953613352733  7.72968336
 0.96024001447  7.6050202
 0.966866681243  7.49492057
 0.97349334298  7.40102908
 0.980120009753  7.32588417
 0.98674667149  7.27100293
 0.993373338263  7.23748405
 1.0  7.22621897
 1.0  7.75186729
 0.993373338263  7.75922542
 0.98674667149  7.78116417
 0.980120009753  7.81737417
 0.97349334298  7.8672021
 0.966866681243  7.93014169
 0.96024001447  8.00495211
 0.953613352733  8.0904437
 0.94698668596  8.18539205
 0.940360024223  8.28830581
 0.93373335745  8.39765102
 0.927106695713  8.51179188
 0.92048002894  8.62924287
 0.913853367203  8.74866403
 0.90722670043  8.86813521
 0.900600038693  8.98462271
 0.89397337192  9.08782129
 0.887346710183  9.17036288
 0.88072004341  9.22387773
 0.874093381673  9.24231442
 0.874093381673  9.24231203
 0.863272088371  9.07916625
 0.852450786845  8.92145391
 0.841629493543  8.76409324
 0.830808192016  8.6060962
 0.819986898714  8.44190642
 0.809165597188  8.2685147
 0.798344303885  8.0829701
 0.787523002359  7.88827808
 0.776701709057  7.68472299
 0.76588040753  7.47073216
 0.755059114228  7.25478992
 0.744237812702  7.0397665
 0.7334165194  6.83039598
 0.722595217873  6.63551648
 0.711773924571  6.46233842
 0.700952623045  6.31741356
 0.690131329743  6.20681459
 0.679310028216  6.1374118
 0.668488734914  6.11400454
 0.668488734914  6.11400453
 0.661862070659  6.21568929
 0.655235406404  6.35487136
 0.648608742149  6.48713057
 0.641982077894  6.61094378
 0.635355413639  6.72205516
 0.628728749384  6.82086782
 0.622102085129  6.90707606
 0.615475420874  6.98070292
 0.608848756619  7.04454418
 0.602222094882  7.0940512
 0.595595430627  7.13311814
 0.588968766372  7.16296298
 0.582342102117  7.18496557
 0.575715437862  7.2005157
 0.569088773607  7.21116623
 0.562462109352  7.21802293
 0.555835445097  7.22213349
 0.549208780842  7.22430748
 0.542582116587  7.22495782
 0.542582116587  7.22495764
 0.531104394505  7.24966481
 0.519626680662  7.3218583
 0.50814895858  7.43632539
 0.49667123989  7.58537185
 0.485193522654  7.75729163
 0.473715803964  7.9401798
 0.462238081882  8.12133813
 0.450760368039  8.28242409
 0.439282645957  8.41049875
 0.427804927267  8.49533772
 0.416327205185  8.53044515
 0.404849491342  8.52025014
 0.39337176926  8.47102303
 0.38189405057  8.39648677
 0.370416333334  8.31026286
 0.358938614644  8.22428322
 0.347460892562  8.14935523
 0.335983178719  8.09468758
 0.324505456637  8.06740744
 0.324505456637  8.06740657
 0.320679553153  8.05444682
 0.3168536424  8.03807845
 0.313027738916  8.01893722
 0.309201831071  7.99792361
 0.305375927587  7.97511894
 0.301550016834  7.95141614
 0.29772411335  7.92738343
 0.293898205505  7.90353384
 0.290072302021  7.88032714
 0.286246391268  7.85785689
 0.282420487785  7.83720373
 0.278594579939  7.8182892
 0.274768676456  7.80136685
 0.270942765703  7.78666922
 0.267116862219  7.77440363
 0.263290954374  7.76468767
 0.25946505089  7.75765411
 0.255639140137  7.7532753
 0.251813236653  7.7518671
 0.251813236653  7.75186748
 0.238559908143  7.78139615
 0.225306579633  7.86812673
 0.212053251123  8.00676527
 0.198799922613  8.18794841
 0.185546594103  8.39995033
 0.172293265593  8.62707091
 0.159039937083  8.84820018
 0.145786608573  9.03476054
 0.132533280063  9.14514351
 0.11927995659  9.13945591
 0.10602662808  9.0043083
 0.0927732995697  8.76686938
 0.0795199710598  8.47265896
 0.0662666425498  8.16169514
 0.0530133140399  7.86476177
 0.0397599855299  7.603079
 0.0265066570199  7.39939789
 0.01325332851  7.2696389
 0.0  7.22495767
