 0.0  0.0
 1.0  0.0

 0.251813236653  -30.0
 0.251813236653  30.0

 0.251813236653  -30.0
 0.251813236653  30.0

 0.324505456637  -30.0
 0.324505456637  30.0

 0.324505456637  -30.0
 0.324505456637  30.0

 0.542582116587  -30.0
 0.542582116587  30.0

 0.542582116587  -30.0
 0.542582116587  30.0

 0.668488734914  -30.0
 0.668488734914  30.0

 0.668488734914  -30.0
 0.668488734914  30.0

 0.874093381673  -30.0
 0.874093381673  30.0

 0.874093381673  -30.0
 0.874093381673  30.0

 1.0  -30.0
 1.0  30.0

 0.0  -19.94579753
 0.01325332851  -19.93772715
 0.0265066570199  -19.91361877
 0.0397599855299  -19.87402566
 0.0530133140399  -19.81931368
 0.0662666425498  -19.75013587
 0.0795199710598  -19.66813586
 0.0927732995697  -19.57441678
 0.10602662808  -19.47222148
 0.11927995659  -19.36319173
 0.132533280063  -19.24948936
 0.145786608573  -19.13432575
 0.159039937083  -19.0196392
 0.172293265593  -18.90975378
 0.185546594103  -18.80722411
 0.198799922613  -18.71870305
 0.212053251123  -18.64470563
 0.225306579633  -18.59000621
 0.238559908143  -18.5557458
 0.251813236653  -18.54365925
 0.251813236653  -18.54365925
 0.255639140137  -18.54388757
 0.25946505089  -18.54456967
 0.263290954374  -18.54587561
 0.267116862219  -18.5474513
 0.270942765703  -18.54978388
 0.274768676456  -18.55220831
 0.278594579939  -18.55502964
 0.282420487785  -18.55839138
 0.286246391268  -18.56163226
 0.290072302021  -18.56552323
 0.293898205505  -18.569328
 0.29772411335  -18.57383542
 0.301550016834  -18.57853053
 0.305375927587  -18.58517703
 0.309201831071  -18.59852441
 0.313027738916  -18.61381115
 0.3168536424  -18.63079107
 0.320679553153  -18.64877483
 0.324505456637  -18.66772698
 0.324505456637  -18.66772695
 0.335983178719  -18.68534283
 0.347460892562  -18.74222919
 0.358938614644  -18.82370626
 0.370416333334  -18.91401637
 0.38189405057  -19.00842907
 0.39337176926  -19.10697317
 0.404849491342  -19.20727385
 0.416327205185  -19.30575303
 0.427804927267  -19.40272607
 0.439282645957  -19.49571515
 0.450760368039  -19.58298549
 0.462238081882  -19.66316901
 0.473715803964  -19.73522107
 0.485193522654  -19.79795353
 0.49667123989  -19.85050139
 0.50814895858  -19.89170745
 0.519626680662  -19.92163833
 0.531104394505  -19.93974469
 0.542582116587  -19.94579753
 0.542582116587  -19.94579753
 0.549208780842  -19.9437814
 0.555835445097  -19.93772827
 0.562462109352  -19.92766196
 0.569088773607  -19.913623
 0.575715437862  -19.89567021
 0.582342102117  -19.87403545
 0.588968766372  -19.84850417
 0.595595430627  -19.81933292
 0.602222094882  -19.78620303
 0.608848756619  -19.75016546
 0.615475420874  -19.71043635
 0.622102085129  -19.66818282
 0.628728749384  -19.62309989
 0.635355413639  -19.57448465
 0.641982077894  -19.52445432
 0.648608742149  -19.47232615
 0.655235406404  -19.41881046
 0.661862070659  -19.36342503
 0.668488734914  -19.31149212
 0.668488734914  -19.31149212
 0.679310028216  -19.30759645
 0.690131329743  -19.29634784
 0.700952623045  -19.27777958
 0.711773924571  -19.25268014
 0.722595217873  -19.2211643
 0.7334165194  -19.1831111
 0.744237812702  -19.13932641
 0.755059114228  -19.09095803
 0.76588040753  -19.03879972
 0.776701709057  -18.98366241
 0.787523002359  -18.92677918
 0.798344303885  -18.86836638
 0.809165597188  -18.81043849
 0.819986898714  -18.75440854
 0.830808192016  -18.70036316
 0.841629493543  -18.64957856
 0.852450786845  -18.60193513
 0.863272088371  -18.55916255
 0.874093381673  -18.52151777
 0.874093381673  -18.52151777
 0.88072004341  -18.52233544
 0.887346710183  -18.52439675
 0.89397337192  -18.52587339
 0.900600038693  -18.5279371
 0.90722670043  -18.53027169
 0.913853367203  -18.53246634
 0.92048002894  -18.53445761
 0.927106695713  -18.53629165
 0.93373335745  -18.53766195
 0.940360024223  -18.53887255
 0.94698668596  -18.53925491
 0.953613352733  -18.54090861
 0.96024001447  -18.54203284
 0.966866681243  -18.54269774
 0.97349334298  -18.54340603
 0.980120009753  -18.54381242
 0.98674667149  -18.54342038
 0.993373338263  -18.54359982
 1.0  -18.54365925
 1.0  -18.48340782
 0.993373338263  -18.48313852
 0.98674667149  -18.48320403
 0.980120009753  -18.4835636
 0.97349334298  -18.48461904
 0.966866681243  -18.48522815
 0.96024001447  -18.48647348
 0.953613352733  -18.48797895
 0.94698668596  -18.49002203
 0.940360024223  -18.49224671
 0.93373335745  -18.49499585
 0.927106695713  -18.49751252
 0.92048002894  -18.50012249
 0.913853367203  -18.50314398
 0.90722670043  -18.50586495
 0.900600038693  -18.50806215
 0.89397337192  -18.51089943
 0.887346710183  -18.51352533
 0.88072004341  -18.51570538
 0.874093381673  -18.51724676
 0.874093381673  -18.51724677
 0.863272088371  -18.55501398
 0.852450786845  -18.59816206
 0.841629493543  -18.64637252
 0.830808192016  -18.69787869
 0.819986898714  -18.75279672
 0.809165597188  -18.80979516
 0.798344303885  -18.86794753
 0.787523002359  -18.92530428
 0.776701709057  -18.98112141
 0.76588040753  -19.03519086
 0.755059114228  -19.08636256
 0.744237812702  -19.13382942
 0.7334165194  -19.17679636
 0.722595217873  -19.21410194
 0.711773924571  -19.24499117
 0.700952623045  -19.26958613
 0.690131329743  -19.28780596
 0.679310028216  -19.29879658
 0.668488734914  -19.30263878
 0.668488734914  -19.30263879
 0.661862070659  -19.24939395
 0.655235406404  -19.19150099
 0.648608742149  -19.13436316
 0.641982077894  -19.07663567
 0.635355413639  -19.01971712
 0.628728749384  -18.96397761
 0.622102085129  -18.90985931
 0.615475420874  -18.85781859
 0.608848756619  -18.80735276
 0.602222094882  -18.7618486
 0.595595430627  -18.71885179
 0.588968766372  -18.67972413
 0.582342102117  -18.64487059
 0.575715437862  -18.61533078
 0.569088773607  -18.59018204
 0.562462109352  -18.57030604
 0.555835445097  -18.555931
 0.549208780842  -18.54675623
 0.542582116587  -18.543849
 0.542582116587  -18.543849
 0.531104394505  -18.54588678
 0.519626680662  -18.55259453
 0.50814895858  -18.56263745
 0.49667123989  -18.57467163
 0.485193522654  -18.59053316
 0.473715803964  -18.60752589
 0.462238081882  -18.62542825
 0.450760368039  -18.64357531
 0.439282645957  -18.66153446
 0.427804927267  -18.67756482
 0.416327205185  -18.69158864
 0.404849491342  -18.70268251
 0.39337176926  -18.71064434
 0.38189405057  -18.71469584
 0.370416333334  -18.71386749
 0.358938614644  -18.70867732
 0.347460892562  -18.69906973
 0.335983178719  -18.67011413
 0.324505456637  -18.60955074
 0.324505456637  -18.60955075
 0.320679553153  -18.60414865
 0.3168536424  -18.59841302
 0.313027738916  -18.59304868
 0.309201831071  -18.58837448
 0.305375927587  -18.58127214
 0.301550016834  -18.56863517
 0.29772411335  -18.55578627
 0.293898205505  -18.54383534
 0.290072302021  -18.53288181
 0.286246391268  -18.52426722
 0.282420487785  -18.51538626
 0.278594579939  -18.50753709
 0.274768676456  -18.50072457
 0.270942765703  -18.4949501
 0.267116862219  -18.49021465
 0.263290954374  -18.48651934
 0.25946505089  -18.4838656
 0.255639140137  -18.48392876
 0.251813236653  -18.48340782
 0.251813236653  -18.48340782
 0.238559908143  -18.48320617
 0.225306579633  -18.48462885
 0.212053251123  -18.48649913
 0.198799922613  -18.49007312
 0.185546594103  -18.49507981
 0.172293265593  -18.50025604
 0.159039937083  -18.50607763
 0.145786608573  -18.51125941
 0.132533280063  -18.51655987
 0.11927995659  -18.52166513
 0.10602662808  -18.52569808
 0.0927732995697  -18.53024302
 0.0795199710598  -18.5345082
 0.0662666425498  -18.53776175
 0.0530133140399  -18.5393893
 0.0397599855299  -18.54219244
 0.0265066570199  -18.5435822
 0.01325332851  -18.54360692
 0.0  -18.543849
 0.0  -7.81571026
 0.01325332851  -7.80095786
 0.0265066570199  -7.75737567
 0.0397599855299  -7.68533031
 0.0530133140399  -7.58586173
 0.0662666425498  -7.46455897
 0.0795199710598  -7.32317781
 0.0927732995697  -7.16725086
 0.10602662808  -7.00526096
 0.11927995659  -6.84959447
 0.132533280063  -6.7129603
 0.145786608573  -6.60891519
 0.159039937083  -6.61622231
 0.172293265593  -6.91202013
 0.185546594103  -7.17460361
 0.198799922613  -7.39866415
 0.212053251123  -7.57732975
 0.225306579633  -7.71040189
 0.238559908143  -7.78996466
 0.251813236653  -7.81610935
 0.251813236653  -7.81610934
 0.255639140137  -7.81462782
 0.25946505089  -7.81018723
 0.263290954374  -7.80284527
 0.267116862219  -7.79255412
 0.270942765703  -7.77979571
 0.274768676456  -7.76383595
 0.278594579939  -7.74513248
 0.282420487785  -7.72396608
 0.286246391268  -7.69987307
 0.290072302021  -7.67348748
 0.293898205505  -7.6439628
 0.29772411335  -7.61304689
 0.301550016834  -7.58006015
 0.305375927587  -7.54532991
 0.309201831071  -7.50894792
 0.313027738916  -7.46991842
 0.3168536424  -7.43044324
 0.320679553153  -7.38994174
 0.324505456637  -7.34845341
 0.324505456637  -7.34845338
 0.335983178719  -7.24340493
 0.347460892562  -7.1052967
 0.358938614644  -6.93707628
 0.370416333334  -6.74410964
 0.38189405057  -6.60043891
 0.39337176926  -6.61571053
 0.404849491342  -6.66475417
 0.416327205185  -6.74211436
 0.427804927267  -6.84441102
 0.439282645957  -6.96749284
 0.450760368039  -7.10274081
 0.462238081882  -7.24248105
 0.473715803964  -7.3778044
 0.485193522654  -7.50265485
 0.49667123989  -7.61036619
 0.50814895858  -7.6990107
 0.519626680662  -7.76319856
 0.531104394505  -7.80240597
 0.542582116587  -7.81571026
 0.542582116587  -7.81571024
 0.549208780842  -7.8090179
 0.555835445097  -7.78956949
 0.562462109352  -7.75631272
 0.569088773607  -7.71000801
 0.575715437862  -7.6509243
 0.582342102117  -7.57692648
 0.588968766372  -7.49340819
 0.595595430627  -7.39824302
 0.602222094882  -7.2919123
 0.608848756619  -7.1741184
 0.615475420874  -7.04782193
 0.622102085129  -6.91128575
 0.628728749384  -6.7658237
 0.635355413639  -6.6120499
 0.641982077894  -6.4506201
 0.648608742149  -6.28005174
 0.655235406404  -6.10389852
 0.661862070659  -5.92464796
 0.668488734914  -5.77052428
 0.668488734914  -5.77052428
 0.679310028216  -5.77423245
 0.690131329743  -5.78638627
 0.700952623045  -5.80636147
 0.711773924571  -5.86843261
 0.722595217873  -5.94891084
 0.7334165194  -6.03621976
 0.744237812702  -6.12696376
 0.755059114228  -6.21948485
 0.76588040753  -6.31122427
 0.776701709057  -6.39933999
 0.787523002359  -6.48321084
 0.798344303885  -6.55976938
 0.809165597188  -6.62747492
 0.819986898714  -6.68568532
 0.830808192016  -6.73268507
 0.841629493543  -6.76718858
 0.852450786845  -6.78760439
 0.863272088371  -6.79413439
 0.874093381673  -6.78650459
 0.874093381673  -6.78650459
 0.88072004341  -6.85037075
 0.887346710183  -6.92652738
 0.89397337192  -7.00568127
 0.900600038693  -7.08628689
 0.90722670043  -7.16759343
 0.913853367203  -7.24701514
 0.92048002894  -7.32350532
 0.927106695713  -7.39630834
 0.93373335745  -7.46489661
 0.940360024223  -7.52855655
 0.94698668596  -7.5862182
 0.953613352733  -7.63948756
 0.96024001447  -7.68570229
 0.966866681243  -7.72515312
 0.97349334298  -7.75776194
 0.980120009753  -7.78331497
 0.98674667149  -7.80135387
 0.993373338263  -7.81241571
 1.0  -7.81610935
 1.0  -6.53322956
 0.993373338263  -6.53175075
 0.98674667149  -6.52917736
 0.980120009753  -6.52552193
 0.97349334298  -6.52183216
 0.966866681243  -6.51617458
 0.96024001447  -6.51134654
 0.953613352733  -6.50631665
 0.94698668596  -6.50239313
 0.940360024223  -6.49978724
 0.93373335745  -6.49942286
 0.927106695713  -6.5021936
 0.92048002894  -6.50939332
 0.913853367203  -6.52245246
 0.90722670043  -6.54259973
 0.900600038693  -6.57051614
 0.89397337192  -6.60865472
 0.887346710183  -6.65619909
 0.88072004341  -6.71279542
 0.874093381673  -6.77032449
 0.874093381673  -6.77032449
 0.863272088371  -6.76597551
 0.852450786845  -6.74448805
 0.841629493543  -6.70685279
 0.830808192016  -6.65358524
 0.819986898714  -6.5873936
 0.809165597188  -6.51072895
 0.798344303885  -6.42665595
 0.787523002359  -6.33731295
 0.776701709057  -6.24587404
 0.76588040753  -6.15719946
 0.755059114228  -6.07338446
 0.744237812702  -5.99804425
 0.7334165194  -5.93353411
 0.722595217873  -5.87994724
 0.711773924571  -5.83760206
 0.700952623045  -5.79905896
 0.690131329743  -5.74637675
 0.679310028216  -5.71190228
 0.668488734914  -5.70029033
 0.668488734914  -5.70029033
 0.661862070659  -5.54155543
 0.655235406404  -5.34897181
 0.648608742149  -5.15099672
 0.641982077894  -4.95185804
 0.635355413639  -4.75118405
 0.628728749384  -4.76625737
 0.622102085129  -4.81532252
 0.615475420874  -4.8619667
 0.608848756619  -4.90473849
 0.602222094882  -4.94690985
 0.595595430627  -4.98350024
 0.588968766372  -5.0161428
 0.582342102117  -5.04468327
 0.575715437862  -5.0680169
 0.569088773607  -5.08805179
 0.562462109352  -5.10370033
 0.555835445097  -5.11491086
 0.549208780842  -5.12159694
 0.542582116587  -5.12384672
 0.542582116587  -5.12384672
 0.531104394505  -5.12626811
 0.519626680662  -5.13451204
 0.50814895858  -5.14544567
 0.49667123989  -5.15766094
 0.485193522654  -5.17233115
 0.473715803964  -5.18416007
 0.462238081882  -5.18899222
 0.450760368039  -5.18652378
 0.439282645957  -5.19400776
 0.427804927267  -5.39451295
 0.416327205185  -5.69030514
 0.404849491342  -5.98140425
 0.39337176926  -6.25161714
 0.38189405057  -6.48812021
 0.370416333334  -6.55838504
 0.358938614644  -6.56142729
 0.347460892562  -6.56679497
 0.335983178719  -6.5734284
 0.324505456637  -6.57955658
 0.324505456637  -6.57955659
 0.320679553153  -6.58293266
 0.3168536424  -6.58456376
 0.313027738916  -6.58463809
 0.309201831071  -6.58339051
 0.305375927587  -6.58095131
 0.301550016834  -6.57754382
 0.29772411335  -6.5733636
 0.293898205505  -6.56860301
 0.290072302021  -6.56345964
 0.286246391268  -6.5601142
 0.282420487785  -6.55484428
 0.278594579939  -6.54973272
 0.274768676456  -6.5449387
 0.270942765703  -6.54061161
 0.267116862219  -6.53687293
 0.263290954374  -6.53382859
 0.25946505089  -6.53156538
 0.255639140137  -6.53367526
 0.251813236653  -6.53322954
 0.251813236653  -6.53322956
 0.238559908143  -6.52914406
 0.225306579633  -6.52169176
 0.212053251123  -6.51101798
 0.198799922613  -6.50178999
 0.185546594103  -6.49844552
 0.172293265593  -6.50786799
 0.159039937083  -6.53741349
 0.145786608573  -6.27859861
 0.132533280063  -5.92200657
 0.11927995659  -5.54760771
 0.10602662808  -5.35532027
 0.0927732995697  -5.32871635
 0.0795199710598  -5.29222381
 0.0662666425498  -5.25032986
 0.0530133140399  -5.20860367
 0.0397599855299  -5.17474352
 0.0265066570199  -5.14801006
 0.01325332851  -5.12965359
 0.0  -5.12384672
 0.0  -5.12384672
 0.01325332851  -5.11857474
 0.0265066570199  -5.10402591
 0.0397599855299  -5.07805203
 0.0530133140399  -5.04135383
 0.0662666425498  -4.99602492
 0.0795199710598  -4.94021157
 0.0927732995697  -4.87878576
 0.10602662808  -5.14925555
 0.11927995659  -5.3528771
 0.132533280063  -5.32186511
 0.145786608573  -5.24394952
 0.159039937083  -5.11996165
 0.172293265593  -4.97402212
 0.185546594103  -4.91899089
 0.198799922613  -4.98292008
 0.212053251123  -5.04305595
 0.225306579633  -5.08592102
 0.238559908143  -5.11254744
 0.251813236653  -5.12141615
 0.251813236653  -5.12141613
 0.255639140137  -5.12118331
 0.25946505089  -5.12048627
 0.263290954374  -5.11933003
 0.267116862219  -5.1177203
 0.270942765703  -5.11572263
 0.274768676456  -5.11323619
 0.278594579939  -5.11033151
 0.282420487785  -5.10702566
 0.286246391268  -5.10331092
 0.290072302021  -5.09926395
 0.293898205505  -5.09485149
 0.29772411335  -5.09016036
 0.301550016834  -5.08518734
 0.305375927587  -5.08283083
 0.309201831071  -5.081057
 0.313027738916  -5.07865295
 0.3168536424  -5.07694153
 0.320679553153  -5.07596499
 0.324505456637  -5.07511077
 0.324505456637  -5.07511074
 0.335983178719  -5.02014072
 0.347460892562  -4.97573901
 0.358938614644  -4.91817932
 0.370416333334  -4.85035661
 0.38189405057  -4.77107157
 0.39337176926  -4.77028464
 0.404849491342  -4.89581932
 0.416327205185  -5.00140301
 0.427804927267  -5.06871672
 0.439282645957  -4.99790601
 0.450760368039  -4.79885994
 0.462238081882  -4.86905286
 0.473715803964  -4.93330214
 0.485193522654  -4.99056408
 0.49667123989  -5.03785963
 0.50814895858  -5.07607788
 0.519626680662  -5.10310432
 0.531104394505  -5.11834951
 0.542582116587  -5.12384672
 0.542582116587  -5.12384672
 0.549208780842  -5.12159694
 0.555835445097  -5.11491086
 0.562462109352  -5.10370031
 0.569088773607  -5.08805179
 0.575715437862  -5.0680169
 0.582342102117  -5.04468327
 0.588968766372  -5.0161428
 0.595595430627  -4.98350023
 0.602222094882  -4.94690985
 0.608848756619  -4.90473848
 0.615475420874  -4.8619667
 0.622102085129  -4.8153225
 0.628728749384  -4.76625734
 0.635355413639  -4.71559659
 0.641982077894  -4.66494073
 0.648608742149  -4.61714524
 0.655235406404  -4.57410507
 0.661862070659  -4.54419588
 0.668488734914  -4.53350929
 0.668488734914  -4.53350929
 0.679310028216  -4.53600194
 0.690131329743  -4.54398576
 0.700952623045  -4.55607019
 0.711773924571  -4.57224648
 0.722595217873  -4.59097981
 0.7334165194  -4.60921898
 0.744237812702  -4.62508494
 0.755059114228  -4.63930521
 0.76588040753  -4.65210899
 0.776701709057  -4.66688239
 0.787523002359  -4.68813072
 0.798344303885  -4.72250316
 0.809165597188  -4.77470927
 0.819986898714  -4.85033618
 0.830808192016  -4.96771374
 0.841629493543  -5.08167706
 0.852450786845  -5.18956561
 0.863272088371  -5.29081921
 0.874093381673  -5.38470857
 0.874093381673  -5.38470857
 0.88072004341  -5.38176565
 0.887346710183  -5.37481958
 0.89397337192  -5.36253031
 0.900600038693  -5.34788675
 0.90722670043  -5.33048009
 0.913853367203  -5.31144524
 0.92048002894  -5.29115676
 0.927106695713  -5.26969921
 0.93373335745  -5.24792249
 0.940360024223  -5.22657052
 0.94698668596  -5.20540616
 0.953613352733  -5.18767429
 0.96024001447  -5.17100793
 0.966866681243  -5.15597116
 0.97349334298  -5.14399175
 0.980120009753  -5.13409248
 0.98674667149  -5.12599867
 0.993373338263  -5.12236229
 1.0  -5.12141615
 1.0  -5.11100893
 0.993373338263  -5.11016268
 0.98674667149  -5.10680741
 0.980120009753  -5.1015365
 0.97349334298  -5.0921982
 0.966866681243  -5.08007998
 0.96024001447  -5.06532328
 0.953613352733  -5.04733389
 0.94698668596  -5.02777393
 0.940360024223  -5.00642979
 0.93373335745  -4.98408
 0.927106695713  -4.96427618
 0.92048002894  -4.96541298
 0.913853367203  -5.02424588
 0.90722670043  -5.09795095
 0.900600038693  -5.16489848
 0.89397337192  -5.21889076
 0.887346710183  -5.25908473
 0.88072004341  -5.28309573
 0.874093381673  -5.29181643
 0.874093381673  -5.29181648
 0.863272088371  -5.19695839
 0.852450786845  -5.10294109
 0.841629493543  -5.01160023
 0.830808192016  -4.92391002
 0.819986898714  -4.84365441
 0.809165597188  -4.73097187
 0.798344303885  -4.61262767
 0.787523002359  -4.49817086
 0.776701709057  -4.41312077
 0.76588040753  -4.35645136
 0.755059114228  -4.32413664
 0.744237812702  -4.35326441
 0.7334165194  -4.38689011
 0.722595217873  -4.42164414
 0.711773924571  -4.45501371
 0.700952623045  -4.48551801
 0.690131329743  -4.51080194
 0.679310028216  -4.52722654
 0.668488734914  -4.53350929
 0.668488734914  -4.53350929
 0.661862070659  -4.54419588
 0.655235406404  -4.57410503
 0.648608742149  -4.61714524
 0.641982077894  -4.66494073
 0.635355413639  -4.71559659
 0.628728749384  -4.55069359
 0.622102085129  -4.3498952
 0.615475420874  -4.1505274
 0.608848756619  -3.95583415
 0.602222094882  -3.76319711
 0.595595430627  -3.57706658
 0.588968766372  -3.39688281
 0.582342102117  -3.22550214
 0.575715437862  -3.06374039
 0.569088773607  -2.91698935
 0.562462109352  -2.7874304
 0.555835445097  -2.68069243
 0.549208780842  -2.60645697
 0.542582116587  -2.57980928
 0.542582116587  -2.57980929
 0.531104394505  -2.65917763
 0.519626680662  -2.85086317
 0.50814895858  -3.10426626
 0.49667123989  -3.39663527
 0.485193522654  -3.71057768
 0.473715803964  -4.03845298
 0.462238081882  -4.37088091
 0.450760368039  -4.70039978
 0.439282645957  -4.72680786
 0.427804927267  -4.65878701
 0.416327205185  -4.61669846
 0.404849491342  -4.62970675
 0.39337176926  -4.69172813
 0.38189405057  -4.67988896
 0.370416333334  -4.71754621
 0.358938614644  -4.80860112
 0.347460892562  -4.90460546
 0.335983178719  -4.99402415
 0.324505456637  -5.05214595
 0.324505456637  -5.05214599
 0.320679553153  -5.05804795
 0.3168536424  -5.06343313
 0.313027738916  -5.06916782
 0.309201831071  -5.07577136
 0.305375927587  -5.08115575
 0.301550016834  -5.0850067
 0.29772411335  -5.08830271
 0.293898205505  -5.09104818
 0.290072302021  -5.09390795
 0.286246391268  -5.09662808
 0.282420487785  -5.10044375
 0.278594579939  -5.10285561
 0.274768676456  -5.10508478
 0.270942765703  -5.1070468
 0.267116862219  -5.10868647
 0.263290954374  -5.11000362
 0.25946505089  -5.11020727
 0.255639140137  -5.11080788
 0.251813236653  -5.11100892
 0.251813236653  -5.11100893
 0.238559908143  -5.10181282
 0.225306579633  -5.07434394
 0.212053251123  -5.03077172
 0.198799922613  -4.97278987
 0.185546594103  -4.90651071
 0.172293265593  -4.82277182
 0.159039937083  -4.73897449
 0.145786608573  -4.68508198
 0.132533280063  -4.69350406
 0.11927995659  -4.74669142
 0.10602662808  -4.81228835
 0.0927732995697  -4.75100673
 0.0795199710598  -4.35020812
 0.0662666425498  -3.95667861
 0.0530133140399  -3.57869628
 0.0397599855299  -3.22828042
 0.0265066570199  -2.92100118
 0.01325332851  -2.68428326
 0.0  -2.57980929
 0.0  -2.57980926
 0.01325332851  -2.65025981
 0.0265066570199  -2.80915874
 0.0397599855299  -3.00191253
 0.0530133140399  -3.20605183
 0.0662666425498  -3.41103094
 0.0795199710598  -3.61136272
 0.0927732995697  -3.80106913
 0.10602662808  -3.99046731
 0.11927995659  -4.16882741
 0.132533280063  -4.33417726
 0.145786608573  -4.48361677
 0.159039937083  -4.61093894
 0.172293265593  -4.70020833
 0.185546594103  -4.65333061
 0.198799922613  -4.46974968
 0.212053251123  -4.26716527
 0.225306579633  -4.08322842
 0.238559908143  -3.94495075
 0.251813236653  -3.89216823
 0.251813236653  -3.89216821
 0.255639140137  -3.89216402
 0.25946505089  -3.89141536
 0.263290954374  -3.89142889
 0.267116862219  -3.89141766
 0.270942765703  -3.89136995
 0.274768676456  -3.89127116
 0.278594579939  -3.89110404
 0.282420487785  -3.89084807
 0.286246391268  -3.89048042
 0.290072302021  -3.88813063
 0.293898205505  -3.8875119
 0.29772411335  -3.88669781
 0.301550016834  -3.88565857
 0.305375927587  -3.88436077
 0.309201831071  -3.88277038
 0.313027738916  -3.87925357
 0.3168536424  -3.87700702
 0.320679553153  -3.87436325
 0.324505456637  -3.87128671
 0.324505456637  -3.87128629
 0.335983178719  -3.90875191
 0.347460892562  -4.01927888
 0.358938614644  -4.16932923
 0.370416333334  -4.32596293
 0.38189405057  -4.42083657
 0.39337176926  -4.3677116
 0.404849491342  -4.25033335
 0.416327205185  -4.22366211
 0.427804927267  -4.13481943
 0.439282645957  -4.00482366
 0.450760368039  -3.85268264
 0.462238081882  -3.68465838
 0.473715803964  -3.5059094
 0.485193522654  -3.32031355
 0.49667123989  -3.13146793
 0.50814895858  -2.94517
 0.519626680662  -2.77263049
 0.531104394505  -2.63634445
 0.542582116587  -2.57980927
 0.542582116587  -2.57980891
 0.549208780842  -2.595586
 0.555835445097  -2.63986977
 0.562462109352  -2.70585654
 0.569088773607  -2.78669842
 0.575715437862  -2.87710921
 0.582342102117  -2.97339647
 0.588968766372  -3.07297953
 0.595595430627  -3.17406599
 0.602222094882  -3.2750164
 0.608848756619  -3.37533911
 0.615475420874  -3.47394785
 0.622102085129  -3.56989336
 0.628728749384  -3.66221912
 0.635355413639  -3.74823892
 0.641982077894  -3.82943176
 0.648608742149  -3.90183004
 0.655235406404  -3.96103459
 0.661862070659  -4.00131478
 0.668488734914  -4.01658063
 0.668488734914  -4.01658063
 0.679310028216  -4.02294023
 0.690131329743  -4.04250027
 0.700952623045  -4.0728233
 0.711773924571  -4.11107191
 0.722595217873  -4.15431554
 0.7334165194  -4.20004632
 0.744237812702  -4.24919473
 0.755059114228  -4.30126871
 0.76588040753  -4.31574688
 0.776701709057  -4.39205319
 0.787523002359  -4.46770616
 0.798344303885  -4.51362316
 0.809165597188  -4.54851849
 0.819986898714  -4.57541039
 0.830808192016  -4.59851292
 0.841629493543  -4.62264218
 0.852450786845  -4.64851154
 0.863272088371  -4.67868944
 0.874093381673  -4.71231523
 0.874093381673  -4.71231516
 0.88072004341  -4.72166411
 0.887346710183  -4.74586297
 0.89397337192  -4.77598407
 0.900600038693  -4.80841131
 0.90722670043  -4.83963074
 0.913853367203  -4.86483087
 0.92048002894  -4.86291069
 0.927106695713  -4.79664998
 0.93373335745  -4.70024823
 0.940360024223  -4.59463459
 0.94698668596  -4.4875191
 0.953613352733  -4.38061806
 0.96024001447  -4.27649323
 0.966866681243  -4.17809979
 0.97349334298  -4.08806663
 0.980120009753  -4.00912482
 0.98674667149  -3.94670336
 0.993373338263  -3.90606846
 1.0  -3.89216824
 1.0  -3.89172491
 0.993373338263  -3.89495536
 0.98674667149  -3.90451936
 0.980120009753  -3.92035902
 0.97349334298  -3.94238129
 0.966866681243  -3.96959956
 0.96024001447  -4.00097542
 0.953613352733  -4.03651767
 0.94698668596  -4.07635627
 0.940360024223  -4.11904167
 0.93373335745  -4.16408106
 0.927106695713  -4.21048128
 0.92048002894  -4.25776097
 0.913853367203  -4.30544439
 0.90722670043  -4.35261982
 0.900600038693  -4.39729834
 0.89397337192  -4.44123235
 0.887346710183  -4.47970285
 0.88072004341  -4.50844779
 0.874093381673  -4.52031356
 0.874093381673  -4.52031362
 0.863272088371  -4.46143949
 0.852450786845  -4.40637742
 0.841629493543  -4.35847211
 0.830808192016  -4.31753754
 0.819986898714  -4.28644541
 0.809165597188  -4.26563881
 0.798344303885  -4.25680365
 0.787523002359  -4.2582953
 0.776701709057  -4.26677858
 0.76588040753  -4.26447968
 0.755059114228  -4.19861424
 0.744237812702  -4.13310607
 0.7334165194  -4.08358562
 0.722595217873  -4.04992917
 0.711773924571  -4.02917666
 0.700952623045  -4.01945465
 0.690131329743  -4.01636358
 0.679310028216  -4.01624334
 0.668488734914  -4.01658062
 0.668488734914  -4.01658063
 0.661862070659  -4.00131478
 0.655235406404  -3.9610345
 0.648608742149  -3.90183003
 0.641982077894  -3.82943173
 0.635355413639  -3.74823888
 0.628728749384  -3.66221909
 0.622102085129  -3.56989318
 0.615475420874  -3.47394761
 0.608848756619  -3.37533896
 0.602222094882  -3.27501627
 0.595595430627  -3.17406579
 0.588968766372  -3.07297953
 0.582342102117  -2.97339647
 0.575715437862  -2.8771092
 0.569088773607  -2.7866984
 0.562462109352  -2.70585629
 0.555835445097  -2.63986974
 0.549208780842  -2.59558598
 0.542582116587  -2.57891551
 0.542582116587  -2.57891555
 0.531104394505  -2.62246715
 0.519626680662  -2.72777372
 0.50814895858  -2.86330265
 0.49667123989  -3.01361166
 0.485193522654  -3.17120983
 0.473715803964  -3.33235168
 0.462238081882  -3.49425783
 0.450760368039  -3.65488672
 0.439282645957  -3.81283704
 0.427804927267  -3.96570608
 0.416327205185  -4.11263061
 0.404849491342  -4.24347735
 0.39337176926  -4.19921575
 0.38189405057  -4.12735573
 0.370416333334  -4.04922367
 0.358938614644  -3.97789715
 0.347460892562  -3.92061535
 0.335983178719  -3.88316859
 0.324505456637  -3.86934666
 0.324505456637  -3.86934682
 0.320679553153  -3.8726671
 0.3168536424  -3.87552326
 0.313027738916  -3.87795453
 0.309201831071  -3.88163165
 0.305375927587  -3.88335498
 0.301550016834  -3.8847665
 0.29772411335  -3.88590087
 0.293898205505  -3.88679298
 0.290072302021  -3.88747563
 0.286246391268  -3.88987908
 0.282420487785  -3.8902888
 0.278594579939  -3.89057741
 0.274768676456  -3.89076995
 0.270942765703  -3.89088823
 0.267116862219  -3.89095048
 0.263290954374  -3.89097227
 0.25946505089  -3.8909656
 0.255639140137  -3.89171935
 0.251813236653  -3.89172476
 0.251813236653  -3.89172491
 0.238559908143  -3.90525765
 0.225306579633  -3.94371152
 0.212053251123  -4.00242686
 0.198799922613  -4.07628423
 0.185546594103  -4.15889698
 0.172293265593  -4.2405955
 0.159039937083  -4.30701186
 0.145786608573  -4.32651635
 0.132533280063  -4.26394798
 0.11927995659  -4.13771963
 0.10602662808  -3.97901376
 0.0927732995697  -3.80067045
 0.0795199710598  -3.60307863
 0.0662666425498  -3.39709261
 0.0530133140399  -3.18841561
 0.0397599855299  -2.98280138
 0.0265066570199  -2.79210838
 0.01325332851  -2.64131104
 0.0  -2.57891554
 0.0  -2.20250361
 0.01325332851  -2.17321013
 0.0265066570199  -2.12510342
 0.0397599855299  -2.10243157
 0.0530133140399  -2.08474872
 0.0662666425498  -2.07058924
 0.0795199710598  -2.0618636
 0.0927732995697  -2.06129652
 0.10602662808  -2.0731498
 0.11927995659  -2.10083941
 0.132533280063  -2.14558676
 0.145786608573  -2.20858641
 0.159039937083  -2.28793279
 0.172293265593  -2.38217775
 0.185546594103  -2.48945102
 0.198799922613  -2.60642332
 0.212053251123  -2.72850365
 0.225306579633  -2.84680695
 0.238559908143  -2.94125578
 0.251813236653  -2.97964572
 0.251813236653  -2.97964571
 0.255639140137  -2.97928874
 0.25946505089  -2.97821459
 0.263290954374  -2.9764362
 0.267116862219  -2.9739455
 0.270942765703  -2.97075571
 0.274768676456  -2.96686144
 0.278594579939  -2.96227538
 0.282420487785  -2.95701993
 0.286246391268  -2.95107163
 0.290072302021  -2.94434973
 0.293898205505  -2.93708599
 0.29772411335  -2.92918571
 0.301550016834  -2.9206565
 0.305375927587  -2.91152203
 0.309201831071  -2.90178815
 0.313027738916  -2.89147132
 0.3168536424  -2.88059853
 0.320679553153  -2.86918447
 0.324505456637  -2.85724873
 0.324505456637  -2.85724873
 0.335983178719  -2.81376639
 0.347460892562  -2.72670466
 0.358938614644  -2.62052706
 0.370416333334  -2.5119212
 0.38189405057  -2.40864824
 0.39337176926  -2.31463829
 0.404849491342  -2.23233292
 0.416327205185  -2.16355826
 0.427804927267  -2.10966019
 0.439282645957  -2.07137427
 0.450760368039  -2.04867892
 0.462238081882  -2.03989372
 0.473715803964  -2.06167569
 0.485193522654  -2.08998289
 0.49667123989  -2.11573876
 0.50814895858  -2.13984154
 0.519626680662  -2.16409796
 0.531104394505  -2.18893843
 0.542582116587  -2.20250361
 0.542582116587  -2.20250361
 0.549208780842  -2.20071433
 0.555835445097  -2.19608947
 0.562462109352  -2.18991766
 0.569088773607  -2.18300033
 0.575715437862  -2.17559426
 0.582342102117  -2.16773234
 0.588968766372  -2.15945654
 0.595595430627  -2.1508135
 0.602222094882  -2.14187955
 0.608848756619  -2.13286451
 0.615475420874  -2.12398353
 0.622102085129  -2.11536561
 0.628728749384  -2.10726687
 0.635355413639  -2.09973201
 0.641982077894  -2.09337102
 0.648608742149  -2.08817746
 0.655235406404  -2.08430487
 0.661862070659  -2.08194739
 0.668488734914  -2.08118746
 0.668488734914  -2.08118746
 0.679310028216  -2.08204985
 0.690131329743  -2.08413151
 0.700952623045  -2.08545183
 0.711773924571  -2.08347605
 0.722595217873  -2.07571411
 0.7334165194  -2.07564523
 0.744237812702  -2.08656797
 0.755059114228  -2.09824941
 0.76588040753  -2.10908627
 0.776701709057  -2.11821984
 0.787523002359  -2.12483159
 0.798344303885  -2.12828679
 0.809165597188  -2.12799856
 0.819986898714  -2.1234271
 0.830808192016  -2.11355001
 0.841629493543  -2.09809484
 0.852450786845  -2.07602985
 0.863272088371  -2.04767906
 0.874093381673  -2.01358025
 0.874093381673  -2.01358022
 0.88072004341  -2.02786542
 0.887346710183  -2.06289331
 0.89397337192  -2.10757058
 0.900600038693  -2.15764758
 0.90722670043  -2.21135398
 0.913853367203  -2.26812972
 0.92048002894  -2.32690218
 0.927106695713  -2.38820793
 0.93373335745  -2.45129042
 0.940360024223  -2.51578054
 0.94698668596  -2.58141828
 0.953613352733  -2.64763999
 0.96024001447  -2.71359255
 0.966866681243  -2.77816013
 0.97349334298  -2.83950351
 0.980120009753  -2.89439739
 0.98674667149  -2.93918062
 0.993373338263  -2.969069
 1.0  -2.97964571
 1.0  -1.62067197
 0.993373338263  -1.62039376
 0.98674667149  -1.61968511
 0.980120009753  -1.61877344
 0.97349334298  -1.61803308
 0.966866681243  -1.61784029
 0.96024001447  -1.61891505
 0.953613352733  -1.62173516
 0.94698668596  -1.62706648
 0.940360024223  -1.63555324
 0.93373335745  -1.64769182
 0.927106695713  -1.6637178
 0.92048002894  -1.68386427
 0.913853367203  -1.70731914
 0.90722670043  -1.73433565
 0.900600038693  -1.76399738
 0.89397337192  -1.79557972
 0.887346710183  -1.82745123
 0.88072004341  -1.8542983
 0.874093381673  -1.86626172
 0.874093381673  -1.86626173
 0.863272088371  -1.90688625
 0.852450786845  -1.9426924
 0.841629493543  -1.97165618
 0.830808192016  -1.99098907
 0.819986898714  -2.00069107
 0.809165597188  -2.00078224
 0.798344303885  -1.99447973
 0.787523002359  -1.9871247
 0.776701709057  -1.98590275
 0.76588040753  -1.99561553
 0.755059114228  -2.01551412
 0.744237812702  -2.03940038
 0.7334165194  -2.06077318
 0.722595217873  -2.06716302
 0.711773924571  -2.06319601
 0.700952623045  -2.06500622
 0.690131329743  -2.07133669
 0.679310028216  -2.07820736
 0.668488734914  -2.08118746
 0.668488734914  -2.08118746
 0.661862070659  -2.08194739
 0.655235406404  -2.08430487
 0.648608742149  -2.08817746
 0.641982077894  -2.09337102
 0.635355413639  -2.09973201
 0.628728749384  -2.10726687
 0.622102085129  -2.1153656
 0.615475420874  -2.12398353
 0.608848756619  -2.13286451
 0.602222094882  -2.14187955
 0.595595430627  -2.1508135
 0.588968766372  -2.15945654
 0.582342102117  -2.16773234
 0.575715437862  -2.17559426
 0.569088773607  -2.18300032
 0.562462109352  -2.18991766
 0.555835445097  -2.19608947
 0.549208780842  -2.20071433
 0.542582116587  -2.20250361
 0.542582116587  -2.20250361
 0.531104394505  -2.17180659
 0.519626680662  -2.1253801
 0.50814895858  -2.09307033
 0.49667123989  -2.07010902
 0.485193522654  -2.05302913
 0.473715803964  -2.04229123
 0.462238081882  -2.03051045
 0.450760368039  -1.9965288
 0.439282645957  -1.9598952
 0.427804927267  -1.92118342
 0.416327205185  -1.8808474
 0.404849491342  -1.83956811
 0.39337176926  -1.79776871
 0.38189405057  -1.75670377
 0.370416333334  -1.71776244
 0.358938614644  -1.68299198
 0.347460892562  -1.65603994
 0.335983178719  -1.64005819
 0.324505456637  -1.63446496
 0.324505456637  -1.63446497
 0.320679553153  -1.63291241
 0.3168536424  -1.63139795
 0.313027738916  -1.63001341
 0.309201831071  -1.6288016
 0.305375927587  -1.62758708
 0.301550016834  -1.62649465
 0.29772411335  -1.62550672
 0.293898205505  -1.62462314
 0.290072302021  -1.62384845
 0.286246391268  -1.6231798
 0.282420487785  -1.62260745
 0.278594579939  -1.62210915
 0.274768676456  -1.62169296
 0.270942765703  -1.62135414
 0.267116862219  -1.62107288
 0.263290954374  -1.62087103
 0.25946505089  -1.62073001
 0.255639140137  -1.62070057
 0.251813236653  -1.62067197
 0.251813236653  -1.62067197
 0.238559908143  -1.61860879
 0.225306579633  -1.61486246
 0.212053251123  -1.61458397
 0.198799922613  -1.62200445
 0.185546594103  -1.63853704
 0.172293265593  -1.66393146
 0.159039937083  -1.69643795
 0.145786608573  -1.73454522
 0.132533280063  -1.77644138
 0.11927995659  -1.82095743
 0.10602662808  -1.86639999
 0.0927732995697  -1.91163119
 0.0795199710598  -1.95598851
 0.0662666425498  -1.99808148
 0.0530133140399  -2.0385825
 0.0397599855299  -2.07917487
 0.0265066570199  -2.12358665
 0.01325332851  -2.16384552
 0.0  -2.20250361
 0.0  -2.12557057
 0.01325332851  -2.10187484
 0.0265066570199  -2.03656387
 0.0397599855299  -1.96811381
 0.0530133140399  -1.91046181
 0.0662666425498  -1.86059294
 0.0795199710598  -1.81573831
 0.0927732995697  -1.77254369
 0.10602662808  -1.73013805
 0.11927995659  -1.68854526
 0.132533280063  -1.647394
 0.145786608573  -1.60854952
 0.159039937083  -1.57268875
 0.172293265593  -1.54121172
 0.185546594103  -1.51493701
 0.198799922613  -1.49480102
 0.212053251123  -1.48016286
 0.225306579633  -1.47072268
 0.238559908143  -1.4653052
 0.251813236653  -1.46336882
 0.251813236653  -1.46336881
 0.255639140137  -1.46341765
 0.25946505089  -1.46348692
 0.263290954374  -1.46372467
 0.267116862219  -1.46405527
 0.270942765703  -1.46467184
 0.274768676456  -1.46518309
 0.278594579939  -1.46577256
 0.282420487785  -1.46646289
 0.286246391268  -1.46711136
 0.290072302021  -1.46779504
 0.293898205505  -1.46851624
 0.29772411335  -1.4692039
 0.301550016834  -1.4697946
 0.305375927587  -1.47026034
 0.309201831071  -1.47071602
 0.313027738916  -1.47066836
 0.3168536424  -1.4703112
 0.320679553153  -1.46951392
 0.324505456637  -1.46817025
 0.324505456637  -1.46817023
 0.335983178719  -1.49110126
 0.347460892562  -1.51552311
 0.358938614644  -1.54038894
 0.370416333334  -1.56500056
 0.38189405057  -1.58866167
 0.39337176926  -1.6120747
 0.404849491342  -1.63536767
 0.416327205185  -1.65776637
 0.427804927267  -1.68143326
 0.439282645957  -1.70668754
 0.450760368039  -1.73493591
 0.462238081882  -1.76770597
 0.473715803964  -1.80678966
 0.485193522654  -1.85429593
 0.49667123989  -1.91085982
 0.50814895858  -1.97640949
 0.519626680662  -2.04607117
 0.531104394505  -2.10295207
 0.542582116587  -2.12557058
 0.542582116587  -2.12557058
 0.549208780842  -2.11151289
 0.555835445097  -2.07739333
 0.562462109352  -2.03570805
 0.569088773607  -1.99417881
 0.575715437862  -1.95586554
 0.582342102117  -1.92160488
 0.588968766372  -1.89136133
 0.595595430627  -1.86470256
 0.602222094882  -1.84031222
 0.608848756619  -1.81948315
 0.615475420874  -1.80114965
 0.622102085129  -1.78492102
 0.628728749384  -1.77071391
 0.635355413639  -1.75837389
 0.641982077894  -1.74819005
 0.648608742149  -1.74004874
 0.655235406404  -1.73436382
 0.661862070659  -1.73079561
 0.668488734914  -1.72975496
 0.668488734914  -1.72975496
 0.679310028216  -1.72283471
 0.690131329743  -1.70153426
 0.700952623045  -1.66312254
 0.711773924571  -1.60830381
 0.722595217873  -1.54031335
 0.7334165194  -1.4653493
 0.744237812702  -1.39392646
 0.755059114228  -1.34089829
 0.76588040753  -1.32199064
 0.776701709057  -1.33404453
 0.787523002359  -1.36229614
 0.798344303885  -1.39324816
 0.809165597188  -1.42157213
 0.819986898714  -1.44475098
 0.830808192016  -1.46279951
 0.841629493543  -1.4769946
 0.852450786845  -1.48849077
 0.863272088371  -1.49893219
 0.874093381673  -1.50931987
 0.874093381673  -1.50931987
 0.88072004341  -1.50926925
 0.887346710183  -1.50923374
 0.89397337192  -1.5090924
 0.900600038693  -1.50880969
 0.90722670043  -1.50832588
 0.913853367203  -1.50731443
 0.92048002894  -1.50562952
 0.927106695713  -1.50305506
 0.93373335745  -1.49953499
 0.940360024223  -1.49506303
 0.94698668596  -1.48972926
 0.953613352733  -1.48428903
 0.96024001447  -1.47902461
 0.966866681243  -1.47423573
 0.97349334298  -1.47025854
 0.980120009753  -1.4671821
 0.98674667149  -1.46498149
 0.993373338263  -1.46376756
 1.0  -1.4633688
 1.0  -1.11612602
 0.993373338263  -1.11240551
 0.98674667149  -1.10135667
 0.980120009753  -1.08338703
 0.97349334298  -1.05886197
 0.966866681243  -1.02907492
 0.96024001447  -0.997184
 0.953613352733  -0.96997044
 0.94698668596  -0.95372346
 0.940360024223  -0.94484506
 0.93373335745  -0.93818247
 0.927106695713  -0.93244517
 0.92048002894  -0.92719377
 0.913853367203  -0.92231874
 0.90722670043  -0.91775905
 0.900600038693  -0.91371983
 0.89397337192  -0.91040304
 0.887346710183  -0.90797519
 0.88072004341  -0.90644848
 0.874093381673  -0.90597655
 0.874093381673  -0.90597655
 0.863272088371  -0.92349939
 0.852450786845  -0.9474924
 0.841629493543  -0.98070993
 0.830808192016  -1.0248804
 0.819986898714  -1.07956967
 0.809165597188  -1.14029716
 0.798344303885  -1.19836482
 0.787523002359  -1.24192571
 0.776701709057  -1.25890871
 0.76588040753  -1.2422765
 0.755059114228  -1.19437328
 0.744237812702  -1.12685179
 0.7334165194  -1.05694782
 0.722595217873  -1.00218792
 0.711773924571  -0.9703486
 0.700952623045  -0.96204181
 0.690131329743  -0.95683504
 0.679310028216  -0.95395826
 0.668488734914  -0.95313031
 0.668488734914  -0.95313031
 0.661862070659  -0.95225941
 0.655235406404  -0.94973648
 0.648608742149  -0.94581289
 0.641982077894  -0.94050108
 0.635355413639  -0.93421516
 0.628728749384  -0.92778166
 0.622102085129  -0.92145302
 0.615475420874  -0.91701982
 0.608848756619  -0.91796489
 0.602222094882  -0.93434399
 0.595595430627  -0.98380462
 0.588968766372  -1.06462132
 0.582342102117  -1.15768705
 0.575715437862  -1.25193247
 0.569088773607  -1.34150416
 0.562462109352  -1.42132455
 0.555835445097  -1.48569446
 0.549208780842  -1.52819424
 0.542582116587  -1.54314923
 0.542582116587  -1.54314923
 0.531104394505  -1.51356111
 0.519626680662  -1.43659925
 0.50814895858  -1.3339655
 0.49667123989  -1.22230576
 0.485193522654  -1.11346436
 0.473715803964  -1.02250812
 0.462238081882  -0.97996137
 0.450760368039  -0.9778721
 0.439282645957  -0.98016404
 0.427804927267  -0.97534456
 0.416327205185  -0.96191067
 0.404849491342  -0.94308794
 0.39337176926  -0.92267108
 0.38189405057  -0.96343022
 0.370416333334  -1.03154934
 0.358938614644  -1.10269967
 0.347460892562  -1.15971972
 0.335983178719  -1.18673336
 0.324505456637  -1.17610677
 0.324505456637  -1.17610677
 0.320679553153  -1.16964608
 0.3168536424  -1.16349085
 0.313027738916  -1.15776015
 0.309201831071  -1.15258996
 0.305375927587  -1.14760977
 0.301550016834  -1.14292236
 0.29772411335  -1.13873882
 0.293898205505  -1.13493971
 0.290072302021  -1.13152176
 0.286246391268  -1.12849017
 0.282420487785  -1.1258098
 0.278594579939  -1.12347126
 0.274768676456  -1.1214716
 0.270942765703  -1.11980099
 0.267116862219  -1.1184364
 0.263290954374  -1.11739258
 0.25946505089  -1.11665207
 0.255639140137  -1.11627312
 0.251813236653  -1.11612605
 0.251813236653  -1.11612605
 0.238559908143  -1.10400777
 0.225306579633  -1.06774929
 0.212053251123  -1.00966483
 0.198799922613  -0.9598785
 0.185546594103  -0.97203859
 0.172293265593  -0.98884542
 0.159039937083  -1.00640718
 0.145786608573  -1.02088574
 0.132533280063  -1.02786048
 0.11927995659  -1.02548957
 0.10602662808  -1.0124242
 0.0927732995697  -0.99280675
 0.0795199710598  -0.97455082
 0.0662666425498  -1.04243263
 0.0530133140399  -1.13883216
 0.0397599855299  -1.26386154
 0.0265066570199  -1.39706769
 0.01325332851  -1.50243536
 0.0  -1.54314923
 0.0  -1.54314922
 0.01325332851  -1.4921748
 0.0265066570199  -1.36341265
 0.0397599855299  -1.201304
 0.0530133140399  -1.05279768
 0.0662666425498  -0.97799885
 0.0795199710598  -0.97346562
 0.0927732995697  -0.92194545
 0.10602662808  -0.88033736
 0.11927995659  -0.84554688
 0.132533280063  -0.81767517
 0.145786608573  -0.79922871
 0.159039937083  -0.79642462
 0.172293265593  -0.81757871
 0.185546594103  -0.8674949
 0.198799922613  -0.93765774
 0.212053251123  -0.95299133
 0.225306579633  -0.95071083
 0.238559908143  -0.95059625
 0.251813236653  -0.95051623
 0.251813236653  -0.95051621
 0.255639140137  -0.95037092
 0.25946505089  -0.9499053
 0.263290954374  -0.94922182
 0.267116862219  -0.94828485
 0.270942765703  -0.9473448
 0.274768676456  -0.94605673
 0.278594579939  -0.94466329
 0.282420487785  -0.94336301
 0.286246391268  -0.94190837
 0.290072302021  -0.94038286
 0.293898205505  -0.93903998
 0.29772411335  -0.9379643
 0.301550016834  -0.93711796
 0.305375927587  -0.93657881
 0.309201831071  -0.93647187
 0.313027738916  -0.93658685
 0.3168536424  -0.93733323
 0.320679553153  -0.93884372
 0.324505456637  -0.94085813
 0.324505456637  -0.94085804
 0.335983178719  -0.92163183
 0.347460892562  -0.90554511
 0.358938614644  -0.89589544
 0.370416333334  -0.895898
 0.38189405057  -0.90564136
 0.39337176926  -0.91242966
 0.404849491342  -0.88298605
 0.416327205185  -0.87156047
 0.427804927267  -0.87304761
 0.439282645957  -0.88358353
 0.450760368039  -0.90115456
 0.462238081882  -0.92647746
 0.473715803964  -0.96364
 0.485193522654  -1.02253345
 0.49667123989  -1.1170658
 0.50814895858  -1.24741369
 0.519626680662  -1.38756029
 0.531104394505  -1.49929626
 0.542582116587  -1.54314923
 0.542582116587  -1.54314923
 0.549208780842  -1.52819424
 0.555835445097  -1.48569445
 0.562462109352  -1.42132452
 0.569088773607  -1.34150413
 0.575715437862  -1.2519324
 0.582342102117  -1.15768703
 0.588968766372  -1.0646213
 0.595595430627  -0.98380461
 0.602222094882  -0.93434396
 0.608848756619  -0.91796488
 0.615475420874  -0.91701982
 0.622102085129  -0.92145302
 0.628728749384  -0.92778166
 0.635355413639  -0.93421516
 0.641982077894  -0.94050108
 0.648608742149  -0.94581289
 0.655235406404  -0.94973648
 0.661862070659  -0.95225941
 0.668488734914  -0.95313031
 0.668488734914  -0.95313031
 0.679310028216  -0.95285889
 0.690131329743  -0.9530172
 0.700952623045  -0.95674674
 0.711773924571  -0.97019639
 0.722595217873  -0.98242023
 0.7334165194  -0.99738725
 0.744237812702  -1.01097773
 0.755059114228  -1.01257326
 0.76588040753  -0.98882328
 0.776701709057  -0.94247977
 0.787523002359  -0.88791447
 0.798344303885  -0.83650591
 0.809165597188  -0.79296716
 0.819986898714  -0.7582912
 0.830808192016  -0.73002035
 0.841629493543  -0.70680754
 0.852450786845  -0.68654822
 0.863272088371  -0.66878315
 0.874093381673  -0.65275276
 0.874093381673  -0.65275273
 0.88072004341  -0.65303592
 0.887346710183  -0.65436001
 0.89397337192  -0.65726014
 0.900600038693  -0.66324253
 0.90722670043  -0.67431702
 0.913853367203  -0.6919829
 0.92048002894  -0.71794948
 0.927106695713  -0.75211366
 0.93373335745  -0.79238727
 0.940360024223  -0.83549312
 0.94698668596  -0.8770777
 0.953613352733  -0.91047032
 0.96024001447  -0.92943929
 0.966866681243  -0.93857593
 0.97349334298  -0.94374844
 0.980120009753  -0.94698538
 0.98674667149  -0.94895291
 0.993373338263  -0.95013433
 1.0  -0.95051622
 1.0  -0.55333454
 0.993373338263  -0.55176472
 0.98674667149  -0.54707283
 0.980120009753  -0.53944792
 0.97349334298  -0.52872481
 0.966866681243  -0.51501159
 0.96024001447  -0.49886306
 0.953613352733  -0.48051561
 0.94698668596  -0.46086944
 0.940360024223  -0.44128517
 0.93373335745  -0.42262227
 0.927106695713  -0.40411761
 0.92048002894  -0.38275374
 0.913853367203  -0.35622966
 0.90722670043  -0.3272341
 0.900600038693  -0.32275809
 0.89397337192  -0.32197992
 0.887346710183  -0.32171717
 0.88072004341  -0.32157719
 0.874093381673  -0.32158193
 0.874093381673  -0.32158193
 0.863272088371  -0.33198648
 0.852450786845  -0.37007297
 0.841629493543  -0.42175902
 0.830808192016  -0.47591896
 0.819986898714  -0.52570563
 0.809165597188  -0.56813201
 0.798344303885  -0.60329282
 0.787523002359  -0.63275615
 0.776701709057  -0.65806372
 0.76588040753  -0.68058385
 0.755059114228  -0.70031139
 0.744237812702  -0.71715308
 0.7334165194  -0.73124551
 0.722595217873  -0.74376578
 0.711773924571  -0.75727504
 0.700952623045  -0.77164484
 0.690131329743  -0.78493044
 0.679310028216  -0.79366958
 0.668488734914  -0.79692859
 0.668488734914  -0.79692859
 0.661862070659  -0.79471998
 0.655235406404  -0.78852985
 0.648608742149  -0.77868637
 0.641982077894  -0.76521717
 0.635355413639  -0.74859015
 0.628728749384  -0.72938887
 0.622102085129  -0.70816371
 0.615475420874  -0.68556371
 0.608848756619  -0.6745637
 0.602222094882  -0.75385275
 0.595595430627  -0.80104053
 0.588968766372  -0.81677989
 0.582342102117  -0.81886775
 0.575715437862  -0.81646187
 0.569088773607  -0.81283283
 0.562462109352  -0.80928531
 0.555835445097  -0.80644531
 0.549208780842  -0.80461236
 0.542582116587  -0.80399103
 0.542582116587  -0.80399103
 0.531104394505  -0.80605501
 0.519626680662  -0.8126717
 0.50814895858  -0.82452675
 0.49667123989  -0.84136199
 0.485193522654  -0.86012633
 0.473715803964  -0.86925033
 0.462238081882  -0.83894135
 0.450760368039  -0.77814759
 0.439282645957  -0.72212285
 0.427804927267  -0.6778347
 0.416327205185  -0.64317837
 0.404849491342  -0.61478024
 0.39337176926  -0.59027415
 0.38189405057  -0.56904959
 0.370416333334  -0.55059072
 0.358938614644  -0.53589761
 0.347460892562  -0.52527321
 0.335983178719  -0.51855491
 0.324505456637  -0.51406205
 0.324505456637  -0.51406226
 0.320679553153  -0.50901902
 0.3168536424  -0.50524294
 0.313027738916  -0.5028362
 0.309201831071  -0.5018936
 0.305375927587  -0.50224928
 0.301550016834  -0.50388348
 0.29772411335  -0.50681968
 0.293898205505  -0.51066184
 0.290072302021  -0.51528313
 0.286246391268  -0.5208947
 0.282420487785  -0.5263624
 0.278594579939  -0.53163826
 0.274768676456  -0.53680203
 0.270942765703  -0.54152573
 0.267116862219  -0.54557351
 0.263290954374  -0.54891721
 0.25946505089  -0.55131047
 0.255639140137  -0.55282514
 0.251813236653  -0.5533346
 0.251813236653  -0.55333462
 0.238559908143  -0.55112069
 0.225306579633  -0.54366653
 0.212053251123  -0.53065125
 0.198799922613  -0.51382742
 0.185546594103  -0.49968763
 0.172293265593  -0.49747963
 0.159039937083  -0.50710442
 0.145786608573  -0.52297691
 0.132533280063  -0.54123428
 0.11927995659  -0.56020935
 0.10602662808  -0.58040058
 0.0927732995697  -0.60597201
 0.0795199710598  -0.64995285
 0.0662666425498  -0.72660764
 0.0530133140399  -0.78936393
 0.0397599855299  -0.80462528
 0.0265066570199  -0.80480738
 0.01325332851  -0.80408082
 0.0  -0.80399103
 0.0  -0.80399101
 0.01325332851  -0.79568648
 0.0265066570199  -0.76869394
 0.0397599855299  -0.71627433
 0.0530133140399  -0.62855491
 0.0662666425498  -0.50303068
 0.0795199710598  -0.41417284
 0.0927732995697  -0.30610841
 0.10602662808  -0.21246142
 0.11927995659  -0.16342357
 0.132533280063  -0.16302484
 0.145786608573  -0.1972255
 0.159039937083  -0.24476419
 0.172293265593  -0.29698648
 0.185546594103  -0.35620442
 0.198799922613  -0.3860148
 0.212053251123  -0.39635646
 0.225306579633  -0.39772675
 0.238559908143  -0.39651874
 0.251813236653  -0.39586459
 0.251813236653  -0.39586458
 0.255639140137  -0.39594797
 0.25946505089  -0.39605429
 0.263290954374  -0.3964568
 0.267116862219  -0.39701105
 0.270942765703  -0.39771898
 0.274768676456  -0.39855045
 0.278594579939  -0.39950396
 0.282420487785  -0.40056411
 0.286246391268  -0.40169317
 0.290072302021  -0.40288996
 0.293898205505  -0.40420476
 0.29772411335  -0.4055842
 0.301550016834  -0.40701952
 0.305375927587  -0.40850746
 0.309201831071  -0.41007541
 0.313027738916  -0.41165884
 0.3168536424  -0.41332558
 0.320679553153  -0.41508691
 0.324505456637  -0.41694126
 0.324505456637  -0.41694126
 0.335983178719  -0.42024788
 0.347460892562  -0.41879939
 0.358938614644  -0.40822392
 0.370416333334  -0.38205382
 0.38189405057  -0.33360685
 0.39337176926  -0.26682463
 0.404849491342  -0.283361
 0.416327205185  -0.31524499
 0.427804927267  -0.36106249
 0.439282645957  -0.41256659
 0.450760368039  -0.45993597
 0.462238081882  -0.49624569
 0.473715803964  -0.51944957
 0.485193522654  -0.54756766
 0.49667123989  -0.66525044
 0.50814895858  -0.73900283
 0.519626680662  -0.77885019
 0.531104394505  -0.79818851
 0.542582116587  -0.80399102
 0.542582116587  -0.80399102
 0.549208780842  -0.80461236
 0.555835445097  -0.8064453
 0.562462109352  -0.8092853
 0.569088773607  -0.81283283
 0.575715437862  -0.81646186
 0.582342102117  -0.81886774
 0.588968766372  -0.81677989
 0.595595430627  -0.80104052
 0.602222094882  -0.75385263
 0.608848756619  -0.67456356
 0.615475420874  -0.58254364
 0.622102085129  -0.48827149
 0.628728749384  -0.39666454
 0.635355413639  -0.30988106
 0.641982077894  -0.23261708
 0.648608742149  -0.16727473
 0.655235406404  -0.11655925
 0.661862070659  -0.08447485
 0.668488734914  -0.07395726
 0.668488734914  -0.07395727
 0.679310028216  -0.09685911
 0.690131329743  -0.1599364
 0.700952623045  -0.247026
 0.711773924571  -0.33609583
 0.722595217873  -0.4046185
 0.7334165194  -0.43786108
 0.744237812702  -0.43845262
 0.755059114228  -0.42713158
 0.76588040753  -0.44530683
 0.776701709057  -0.44577559
 0.787523002359  -0.4301329
 0.798344303885  -0.40106029
 0.809165597188  -0.36287869
 0.819986898714  -0.32155037
 0.830808192016  -0.28234225
 0.841629493543  -0.24994902
 0.852450786845  -0.22621995
 0.863272088371  -0.21363338
 0.874093381673  -0.21218399
 0.874093381673  -0.21218391
 0.88072004341  -0.21768389
 0.887346710183  -0.2346158
 0.89397337192  -0.25996602
 0.900600038693  -0.29094872
 0.90722670043  -0.3219081
 0.913853367203  -0.32934727
 0.92048002894  -0.34181984
 0.927106695713  -0.36007948
 0.93373335745  -0.37718716
 0.940360024223  -0.38886006
 0.94698668596  -0.39491166
 0.953613352733  -0.39734669
 0.96024001447  -0.39794804
 0.966866681243  -0.39764444
 0.97349334298  -0.39722677
 0.980120009753  -0.396633
 0.98674667149  -0.39619013
 0.993373338263  -0.39591317
 1.0  -0.39586457
 1.0  -0.26318281
 0.993373338263  -0.26392654
 0.98674667149  -0.26608379
 0.980120009753  -0.2697585
 0.97349334298  -0.27423712
 0.966866681243  -0.27931695
 0.96024001447  -0.28468191
 0.953613352733  -0.28983548
 0.94698668596  -0.2944472
 0.940360024223  -0.29867093
 0.93373335745  -0.30113783
 0.927106695713  -0.30149236
 0.92048002894  -0.29774964
 0.913853367203  -0.2854761
 0.90722670043  -0.26549361
 0.900600038693  -0.24338844
 0.89397337192  -0.22320641
 0.887346710183  -0.20775391
 0.88072004341  -0.19738072
 0.874093381673  -0.19424338
 0.874093381673  -0.19424358
 0.863272088371  -0.19455579
 0.852450786845  -0.1901596
 0.841629493543  -0.18992499
 0.830808192016  -0.19762481
 0.819986898714  -0.21499143
 0.809165597188  -0.24044883
 0.798344303885  -0.27247884
 0.787523002359  -0.30929378
 0.776701709057  -0.34747025
 0.76588040753  -0.3851838
 0.755059114228  -0.41718034
 0.744237812702  -0.3919335
 0.7334165194  -0.34161599
 0.722595217873  -0.28117649
 0.711773924571  -0.21748301
 0.700952623045  -0.15934608
 0.690131329743  -0.1131896
 0.679310028216  -0.08395424
 0.668488734914  -0.07395726
 0.668488734914  -0.07395721
 0.661862070659  -0.08447483
 0.655235406404  -0.11655918
 0.648608742149  -0.16727467
 0.641982077894  -0.23261697
 0.635355413639  -0.30988098
 0.628728749384  -0.39666449
 0.622102085129  -0.4882714
 0.615475420874  -0.58254353
 0.608848756619  -0.66139232
 0.602222094882  -0.6381322
 0.595595430627  -0.61544418
 0.588968766372  -0.59372936
 0.582342102117  -0.57374921
 0.575715437862  -0.5561962
 0.569088773607  -0.54114825
 0.562462109352  -0.52911144
 0.555835445097  -0.52034051
 0.549208780842  -0.51379423
 0.542582116587  -0.51202649
 0.542582116587  -0.51202658
 0.531104394505  -0.51437648
 0.519626680662  -0.52085616
 0.50814895858  -0.5287343
 0.49667123989  -0.53290451
 0.485193522654  -0.5309535
 0.473715803964  -0.39811424
 0.462238081882  -0.24415693
 0.450760368039  -0.11338934
 0.439282645957  -0.03346477
 0.427804927267  -0.02449235
 0.416327205185  -0.0790309
 0.404849491342  -0.16719269
 0.39337176926  -0.25909164
 0.38189405057  -0.26462723
 0.370416333334  -0.26973202
 0.358938614644  -0.2740987
 0.347460892562  -0.27351479
 0.335983178719  -0.2668826
 0.324505456637  -0.25679425
 0.324505456637  -0.25679413
 0.320679553153  -0.25965462
 0.3168536424  -0.26250055
 0.313027738916  -0.26540308
 0.309201831071  -0.26813975
 0.305375927587  -0.26993549
 0.301550016834  -0.27154016
 0.29772411335  -0.27253393
 0.293898205505  -0.27291524
 0.290072302021  -0.27278824
 0.286246391268  -0.27223722
 0.282420487785  -0.27132254
 0.278594579939  -0.26993145
 0.274768676456  -0.26859565
 0.270942765703  -0.26726591
 0.267116862219  -0.26555327
 0.263290954374  -0.26451857
 0.25946505089  -0.26373309
 0.255639140137  -0.26335023
 0.251813236653  -0.26318299
 0.251813236653  -0.2631831
 0.238559908143  -0.26819646
 0.225306579633  -0.28012501
 0.212053251123  -0.29562823
 0.198799922613  -0.30867842
 0.185546594103  -0.30867879
 0.172293265593  -0.28669724
 0.159039937083  -0.20997809
 0.145786608573  -0.11568903
 0.132533280063  -0.04475353
 0.11927995659  -0.03058023
 0.10602662808  -0.08965999
 0.0927732995697  -0.20676062
 0.0795199710598  -0.35433217
 0.0662666425498  -0.4870707
 0.0530133140399  -0.5146123
 0.0397599855299  -0.52087274
 0.0265066570199  -0.51845815
 0.01325332851  -0.51387984
 0.0  -0.51202673
 0.0  1.72434184
 0.01325332851  1.70150219
 0.0265066570199  1.63581861
 0.0397599855299  1.53899128
 0.0530133140399  1.42266073
 0.0662666425498  1.29772264
 0.0795199710598  1.18089173
 0.0927732995697  1.08740966
 0.10602662808  1.03221575
 0.11927995659  1.01924963
 0.132533280063  1.04378458
 0.145786608573  1.12344423
 0.159039937083  1.23267625
 0.172293265593  1.34942433
 0.185546594103  1.46190669
 0.198799922613  1.56008929
 0.212053251123  1.64145291
 0.225306579633  1.70186906
 0.238559908143  1.73886992
 0.251813236653  1.75138072
 0.251813236653  1.75138071
 0.255639140137  1.7512483
 0.25946505089  1.7508645
 0.263290954374  1.75020648
 0.267116862219  1.74929245
 0.270942765703  1.72567063
 0.274768676456  1.69699101
 0.278594579939  1.66385904
 0.282420487785  1.62660206
 0.286246391268  1.586037
 0.290072302021  1.54173605
 0.293898205505  1.49470451
 0.29772411335  1.44491364
 0.301550016834  1.39338289
 0.305375927587  1.33974718
 0.309201831071  1.28475398
 0.313027738916  1.22958264
 0.3168536424  1.17395402
 0.320679553153  1.11801821
 0.324505456637  1.06318807
 0.324505456637  1.06318807
 0.335983178719  1.01568146
 0.347460892562  0.96851012
 0.358938614644  0.92537967
 0.370416333334  0.89038725
 0.38189405057  0.869768
 0.39337176926  0.86910587
 0.404849491342  0.89187661
 0.416327205185  0.93929941
 0.427804927267  1.00629729
 0.439282645957  1.0302887
 0.450760368039  1.08166086
 0.462238081882  1.17652634
 0.473715803964  1.2905429
 0.485193522654  1.40564174
 0.49667123989  1.51192239
 0.50814895858  1.60078419
 0.519626680662  1.66794032
 0.531104394505  1.71026944
 0.542582116587  1.72434184
 0.542582116587  1.72434184
 0.549208780842  1.72124088
 0.555835445097  1.71191337
 0.562462109352  1.69653493
 0.569088773607  1.67520468
 0.575715437862  1.64812676
 0.582342102117  1.61539184
 0.588968766372  1.57763827
 0.595595430627  1.53517345
 0.602222094882  1.48851301
 0.608848756619  1.43913102
 0.615475420874  1.38541355
 0.622102085129  1.33054099
 0.628728749384  1.2751921
 0.635355413639  1.22116217
 0.641982077894  1.17037792
 0.648608742149  1.12509795
 0.655235406404  1.08985891
 0.661862070659  1.06675934
 0.668488734914  1.05842201
 0.668488734914  1.05842201
 0.679310028216  1.05251974
 0.690131329743  1.03549615
 0.700952623045  1.01109488
 0.711773924571  0.98409419
 0.722595217873  0.95850238
 0.7334165194  0.93656936
 0.744237812702  0.91954897
 0.755059114228  0.90679897
 0.76588040753  0.89855299
 0.776701709057  0.89362073
 0.787523002359  0.89279059
 0.798344303885  0.89639834
 0.809165597188  0.90416482
 0.819986898714  0.91609589
 0.830808192016  0.93209979
 0.841629493543  0.95165974
 0.852450786845  0.97370298
 0.863272088371  0.99731878
 0.874093381673  1.02055131
 0.874093381673  1.02055131
 0.88072004341  1.01413988
 0.887346710183  1.02086107
 0.89397337192  1.04119823
 0.900600038693  1.07220092
 0.90722670043  1.11275889
 0.913853367203  1.16082763
 0.92048002894  1.2146596
 0.927106695713  1.27322747
 0.93373335745  1.33434348
 0.940360024223  1.39653543
 0.94698668596  1.45919123
 0.953613352733  1.51826102
 0.96024001447  1.57395413
 0.966866681243  1.62471482
 0.97349334298  1.66814453
 0.980120009753  1.70367864
 0.98674667149  1.73042313
 0.993373338263  1.74613736
 1.0  1.75138072
 1.0  1.79362905
 0.993373338263  1.7894691
 0.98674667149  1.77725457
 0.980120009753  1.75687726
 0.97349334298  1.730348
 0.966866681243  1.69750776
 0.96024001447  1.65869592
 0.953613352733  1.61465289
 0.94698668596  1.5656538
 0.940360024223  1.51213875
 0.93373335745  1.45545524
 0.927106695713  1.39641506
 0.92048002894  1.33689481
 0.913853367203  1.2766525
 0.90722670043  1.21817687
 0.900600038693  1.16342912
 0.89397337192  1.11403163
 0.887346710183  1.07223972
 0.88072004341  1.04069081
 0.874093381673  1.02061496
 0.874093381673  1.02061496
 0.863272088371  1.01544946
 0.852450786845  1.02164578
 0.841629493543  1.03793956
 0.830808192016  1.06172374
 0.819986898714  1.08952062
 0.809165597188  1.11868866
 0.798344303885  1.14620922
 0.787523002359  1.170724
 0.776701709057  1.19088087
 0.76588040753  1.2053041
 0.755059114228  1.21176108
 0.744237812702  1.21072345
 0.7334165194  1.20086034
 0.722595217873  1.18299537
 0.711773924571  1.15740905
 0.700952623045  1.12590296
 0.690131329743  1.09350805
 0.679310028216  1.06823851
 0.668488734914  1.05842201
 0.668488734914  1.05842201
 0.661862070659  1.06675934
 0.655235406404  1.08985891
 0.648608742149  1.12509795
 0.641982077894  1.17037792
 0.635355413639  1.22116217
 0.628728749384  1.2751921
 0.622102085129  1.33054099
 0.615475420874  1.38541355
 0.608848756619  1.43913102
 0.602222094882  1.48851301
 0.595595430627  1.53517345
 0.588968766372  1.57763827
 0.582342102117  1.61539184
 0.575715437862  1.64812677
 0.569088773607  1.67520468
 0.562462109352  1.69653494
 0.555835445097  1.71191337
 0.549208780842  1.72124089
 0.542582116587  1.72434184
 0.542582116587  1.72434184
 0.531104394505  1.71233665
 0.519626680662  1.67642634
 0.50814895858  1.62089361
 0.49667123989  1.54994963
 0.485193522654  1.4644787
 0.473715803964  1.37184933
 0.462238081882  1.27599163
 0.450760368039  1.18025545
 0.439282645957  1.08883234
 0.427804927267  1.04252379
 0.416327205185  1.11295484
 0.404849491342  1.21695964
 0.39337176926  1.33270246
 0.38189405057  1.44370106
 0.370416333334  1.53995189
 0.358938614644  1.62040305
 0.347460892562  1.67644984
 0.335983178719  1.70811385
 0.324505456637  1.71353673
 0.324505456637  1.71353673
 0.320679553153  1.71665714
 0.3168536424  1.72033438
 0.313027738916  1.7233895
 0.309201831071  1.72504241
 0.305375927587  1.72798163
 0.301550016834  1.7314886
 0.29772411335  1.73417294
 0.293898205505  1.73672545
 0.290072302021  1.73902128
 0.286246391268  1.74125
 0.282420487785  1.74321059
 0.278594579939  1.74505353
 0.274768676456  1.74668297
 0.270942765703  1.7480844
 0.267116862219  1.74961199
 0.263290954374  1.76851089
 0.25946505089  1.78262646
 0.255639140137  1.79087016
 0.251813236653  1.79362905
 0.251813236653  1.79362905
 0.238559908143  1.78133069
 0.225306579633  1.74497225
 0.212053251123  1.68566831
 0.198799922613  1.60583367
 0.185546594103  1.509478
 0.172293265593  1.3989693
 0.159039937083  1.28330443
 0.145786608573  1.17191091
 0.132533280063  1.08115536
 0.11927995659  1.02962375
 0.10602662808  1.06044002
 0.0927732995697  1.15154114
 0.0795199710598  1.26719786
 0.0662666425498  1.38647967
 0.0530133140399  1.49829947
 0.0397599855299  1.59247811
 0.0265066570199  1.66401998
 0.01325332851  1.70926073
 0.0  1.72434184
 0.0  2.05666746
 0.01325332851  2.11049518
 0.0265066570199  2.26495019
 0.0397599855299  2.5021417
 0.0530133140399  2.80031357
 0.0662666425498  3.14082531
 0.0795199710598  3.50471644
 0.0927732995697  3.87769949
 0.10602662808  4.24439848
 0.11927995659  4.59574884
 0.132533280063  4.92349252
 0.145786608573  5.21663117
 0.159039937083  5.46946919
 0.172293265593  5.67314113
 0.185546594103  5.82908159
 0.198799922613  5.93307865
 0.212053251123  5.99645669
 0.225306579633  6.02992446
 0.238559908143  6.04476152
 0.251813236653  6.0487598
 0.251813236653  6.04876011
 0.255639140137  6.05162974
 0.25946505089  6.06020997
 0.263290954374  6.0743711
 0.267116862219  6.09404502
 0.270942765703  6.11893637
 0.274768676456  6.14886074
 0.278594579939  6.18349278
 0.282420487785  6.22241517
 0.286246391268  6.26569567
 0.290072302021  6.312351
 0.293898205505  6.36227083
 0.29772411335  6.41501508
 0.301550016834  6.47066909
 0.305375927587  6.52786692
 0.309201831071  6.5865723
 0.313027738916  6.64702897
 0.3168536424  6.70770311
 0.320679553153  6.76861886
 0.324505456637  6.82932643
 0.324505456637  6.82932666
 0.335983178719  6.66257701
 0.347460892562  6.47624381
 0.358938614644  6.26687454
 0.370416333334  6.03179831
 0.38189405057  5.77496925
 0.39337176926  5.49798808
 0.404849491342  5.20097168
 0.416327205185  4.89039064
 0.427804927267  4.5651945
 0.439282645957  4.23056313
 0.450760368039  3.89288072
 0.462238081882  3.55733553
 0.473715803964  3.23015414
 0.485193522654  2.92063634
 0.49667123989  2.63966237
 0.50814895858  2.40036467
 0.519626680662  2.21508473
 0.531104394505  2.0971898
 0.542582116587  2.05666746
 0.542582116587  2.05666746
 0.549208780842  2.07023509
 0.555835445097  2.11047484
 0.562462109352  2.1760407
 0.569088773607  2.26487242
 0.575715437862  2.37443817
 0.582342102117  2.50194864
 0.588968766372  2.64467554
 0.595595430627  2.79993233
 0.602222094882  2.9670765
 0.608848756619  3.1401676
 0.615475420874  3.32111992
 0.622102085129  3.50362983
 0.628728749384  3.68817988
 0.635355413639  3.87588066
 0.641982077894  4.05977167
 0.648608742149  4.24100401
 0.655235406404  4.4168735
 0.661862070659  4.58523237
 0.668488734914  4.70331548
 0.668488734914  4.70331547
 0.679310028216  4.73118073
 0.690131329743  4.81302532
 0.700952623045  4.94151067
 0.711773924571  5.10666089
 0.722595217873  5.30007362
 0.7334165194  5.51326799
 0.744237812702  5.73813584
 0.755059114228  5.9655989
 0.76588040753  6.19078187
 0.776701709057  6.4107283
 0.787523002359  6.61767931
 0.798344303885  6.813717
 0.809165597188  6.99847192
 0.819986898714  7.16998249
 0.830808192016  7.33129054
 0.841629493543  7.48615146
 0.852450786845  7.64101461
 0.863272088371  7.79760622
 0.874093381673  7.96172247
 0.874093381673  7.96173075
 0.88072004341  7.94749151
 0.887346710183  7.90522174
 0.89397337192  7.83581922
 0.900600038693  7.74021765
 0.90722670043  7.62012227
 0.913853367203  7.48206985
 0.92048002894  7.33115753
 0.927106695713  7.17405954
 0.93373335745  7.01638337
 0.940360024223  6.86124424
 0.94698668596  6.71226573
 0.953613352733  6.57104482
 0.96024001447  6.44233086
 0.966866681243  6.32833577
 0.97349334298  6.23088575
 0.980120009753  6.15271912
 0.98674667149  6.09551256
 0.993373338263  6.06052695
 1.0  6.04876006
 1.0  6.72667304
 0.993373338263  6.73348537
 0.98674667149  6.75379974
 0.980120009753  6.78734962
 0.97349334298  6.83350751
 0.966866681243  6.8918501
 0.96024001447  6.96117674
 0.953613352733  7.04038989
 0.94698668596  7.12827268
 0.940360024223  7.22337019
 0.93373335745  7.32405331
 0.927106695713  7.42851188
 0.92048002894  7.53480281
 0.913853367203  7.64088583
 0.90722670043  7.74473133
 0.900600038693  7.84537574
 0.89397337192  7.93462304
 0.887346710183  8.0069839
 0.88072004341  8.05410951
 0.874093381673  8.07026844
 0.874093381673  8.07026466
 0.863272088371  7.89862827
 0.852450786845  7.73397182
 0.841629493543  7.57074291
 0.830808192016  7.40789375
 0.819986898714  7.23924072
 0.809165597188  7.0613229
 0.798344303885  6.8711989
 0.787523002359  6.67143953
 0.776701709057  6.46244196
 0.76588040753  6.24232427
 0.755059114228  6.01920968
 0.744237812702  5.79623813
 0.7334165194  5.57832033
 0.722595217873  5.37449057
 0.711773924571  5.19241423
 0.700952623045  5.03937301
 0.690131329743  4.92207283
 0.679310028216  4.84823107
 0.668488734914  4.82328203
 0.668488734914  4.82328205
 0.661862070659  4.93405604
 0.655235406404  5.08055165
 0.648608742149  5.22000823
 0.641982077894  5.35164531
 0.635355413639  5.47114516
 0.628728749384  5.57873456
 0.622102085129  5.67388739
 0.615475420874  5.75637173
 0.608848756619  5.82912661
 0.602222094882  5.88643936
 0.595595430627  5.93249849
 0.588968766372  5.96834813
 0.582342102117  5.99530071
 0.575715437862  6.01465177
 0.569088773607  6.0282684
 0.562462109352  6.03724084
 0.555835445097  6.04274412
 0.549208780842  6.04571293
 0.542582116587  6.0466088
 0.542582116587  6.04660867
 0.531104394505  6.07229565
 0.519626680662  6.14712218
 0.50814895858  6.26502242
 0.49667123989  6.41724721
 0.485193522654  6.5909668
 0.473715803964  6.77325154
 0.462238081882  6.95094922
 0.450760368039  7.10611572
 0.439282645957  7.2273257
 0.427804927267  7.30724348
 0.416327205185  7.34201355
 0.404849491342  7.3377632
 0.39337176926  7.30009421
 0.38189405057  7.24131818
 0.370416333334  7.17299212
 0.358938614644  7.10475268
 0.347460892562  7.04564634
 0.335983178719  7.00351589
 0.324505456637  6.98485583
 0.324505456637  6.98485338
 0.320679553153  6.97738349
 0.3168536424  6.96638706
 0.313027738916  6.95241091
 0.309201831071  6.93630003
 0.305375927587  6.9181224
 0.301550016834  6.89875471
 0.29772411335  6.87874614
 0.293898205505  6.8586092
 0.290072302021  6.8388011
 0.286246391268  6.81926641
 0.282420487785  6.80140627
 0.278594579939  6.78495922
 0.274768676456  6.77018616
 0.270942765703  6.75731187
 0.267116862219  6.74653347
 0.263290954374  6.73798328
 0.25946505089  6.73178349
 0.255639140137  6.72791207
 0.251813236653  6.72667372
 0.251813236653  6.72667281
 0.238559908143  6.75390888
 0.225306579633  6.83393821
 0.212053251123  6.96199561
 0.198799922613  7.12936328
 0.185546594103  7.32493025
 0.172293265593  7.5337722
 0.159039937083  7.73597791
 0.145786608573  7.90562328
 0.132533280063  8.00475
 0.11927995659  7.99680329
 0.10602662808  7.86506442
 0.0927732995697  7.62919559
 0.0795199710598  7.33228287
 0.0662666425498  7.01516828
 0.0530133140399  6.71032568
 0.0397599855299  6.4401798
 0.0265066570199  6.22870242
 0.01325332851  6.09334855
 0.0  6.04660874
