# E(eV)    s        py       pz       px       dxy      dyz      dz2      dxz      dx2-y2      Total
-20.432681 0.000000 0.000000 0.000000 0.000000 0.000000 0.000000 0.000000 0.000000 0.000000 0.000000
-20.322681 0.000000 0.000000 0.000000 0.000000 0.000000 0.000000 0.000000 0.000000 0.000000 0.000000
-20.212681 0.000000 0.000000 0.000000 0.000000 0.000000 0.000000 0.000000 0.000000 0.000000 0.000000
-20.103681 0.000000 0.000000 0.000000 0.000000 0.000000 0.000000 0.000000 0.000000 0.000000 0.000000
-19.993681 0.000000 0.000000 0.000000 0.000000 0.000000 0.000000 0.000000 0.000000 0.000000 0.000000
-19.883681 0.000000 0.000000 0.000000 0.000000 0.000000 0.000000 0.000000 0.000000 0.000000 0.000000
-19.774681 0.000000 0.000000 0.000000 0.000000 0.000000 0.000000 0.000000 0.000000 0.000000 0.000000
-19.664681 0.000000 0.000000 0.000000 0.000000 0.000000 0.000000 0.000000 0.000000 0.000000 0.000000
-19.554681 0.000000 0.000000 0.000000 0.000000 0.000000 0.000000 0.000000 0.000000 0.000000 0.000000
-19.444681 0.000000 0.000000 0.000000 0.000000 0.000000 0.000000 0.000000 0.000000 0.000000 0.000000
-19.335681 0.000000 0.000000 0.000000 0.000000 0.000000 0.000000 0.000000 0.000000 0.000000 0.000000
-19.225681 0.000000 0.000000 0.000000 0.000000 0.000000 0.000000 0.000000 0.000000 0.000000 0.000000
-19.115681 0.000000 0.000000 0.000000 0.000000 0.000000 0.000000 0.000000 0.000000 0.000000 0.000000
-19.006681 0.000000 0.000000 0.000000 0.000000 0.000000 0.000000 0.000000 0.000000 0.000000 0.000000
-18.896681 0.000000 0.000000 0.000000 0.000000 0.000000 0.000000 0.000000 0.000000 0.000000 0.000000
-18.786681 0.000000 0.000000 0.000000 0.000000 0.000000 0.000000 0.000000 0.000000 0.000000 0.000000
-18.676681 0.000000 0.000000 0.000000 0.000000 0.000000 0.000000 0.000000 0.000000 0.000000 0.000000
-18.567681 0.000000 0.000000 0.000000 0.000000 0.000000 0.000000 0.000000 0.000000 0.000000 0.000000
-18.457681 0.000000 0.000000 0.000000 0.000000 0.000000 0.000000 0.000000 0.000000 0.000000 0.000000
-18.347681 0.006694 0.000047 0.000031 0.000145 0.000000 0.000000 0.000002 0.000000 0.000005 0.006925
-18.238681 0.009672 0.000231 0.000095 0.000504 0.000001 0.000000 0.000021 0.000000 0.000035 0.010559
-18.128681 0.012850 0.000416 0.000188 0.001017 0.000002 0.000000 0.000058 0.000001 0.000105 0.014638
-18.018681 0.014390 0.000825 0.000320 0.001701 0.000004 0.000001 0.000167 0.000002 0.000263 0.017673
-17.909681 0.016100 0.001162 0.000521 0.002503 0.000007 0.000002 0.000300 0.000003 0.000543 0.021141
-17.799681 0.018240 0.001600 0.000758 0.003652 0.000010 0.000003 0.000574 0.000005 0.001029 0.025870
-17.689681 0.016930 0.002339 0.000972 0.004593 0.000015 0.000004 0.001248 0.000006 0.001745 0.027851
-17.579681 0.018440 0.003444 0.002182 0.005548 0.000018 0.000010 0.002205 0.000009 0.003205 0.035060
-17.470681 0.019850 0.004376 0.003595 0.006378 0.000020 0.000015 0.004114 0.000012 0.005023 0.043384
-17.360681 0.020670 0.006325 0.005476 0.007320 0.000025 0.000024 0.008331 0.000015 0.008182 0.056367
-17.250681 0.021860 0.009012 0.008764 0.008412 0.000027 0.000034 0.018560 0.000019 0.014810 0.081499
-17.141681 0.027380 0.014540 0.013910 0.011250 0.000038 0.000047 0.050480 0.000025 0.034530 0.152200
-17.031681 0.016970 0.024550 0.022540 0.018570 0.000025 0.000056 0.076410 0.000019 0.024600 0.183740
-16.921681 0.000000 0.000000 0.000000 0.000000 0.000000 0.000000 0.000000 0.000000 0.000000 0.000000
-16.811681 0.000000 0.000000 0.000000 0.000000 0.000000 0.000000 0.000000 0.000000 0.000000 0.000000
-16.702681 0.000000 0.000000 0.000000 0.000000 0.000000 0.000000 0.000000 0.000000 0.000000 0.000000
-16.592681 0.000000 0.000000 0.000000 0.000000 0.000000 0.000000 0.000000 0.000000 0.000000 0.000000
-16.482681 0.000000 0.000000 0.000000 0.000000 0.000000 0.000000 0.000000 0.000000 0.000000 0.000000
-16.373681 0.000000 0.000000 0.000000 0.000000 0.000000 0.000000 0.000000 0.000000 0.000000 0.000000
-16.263681 0.000000 0.000000 0.000000 0.000000 0.000000 0.000000 0.000000 0.000000 0.000000 0.000000
-16.153681 0.000000 0.000000 0.000000 0.000000 0.000000 0.000000 0.000000 0.000000 0.000000 0.000000
-16.044681 0.000000 0.000000 0.000000 0.000000 0.000000 0.000000 0.000000 0.000000 0.000000 0.000000
-15.934681 0.000000 0.000000 0.000000 0.000000 0.000000 0.000000 0.000000 0.000000 0.000000 0.000000
-15.824681 0.000000 0.000000 0.000000 0.000000 0.000000 0.000000 0.000000 0.000000 0.000000 0.000000
-15.714681 0.000000 0.000000 0.000000 0.000000 0.000000 0.000000 0.000000 0.000000 0.000000 0.000000
-15.605681 0.000000 0.000000 0.000000 0.000000 0.000000 0.000000 0.000000 0.000000 0.000000 0.000000
-15.495681 0.000000 0.000000 0.000000 0.000000 0.000000 0.000000 0.000000 0.000000 0.000000 0.000000
-15.385681 0.000000 0.000000 0.000000 0.000000 0.000000 0.000000 0.000000 0.000000 0.000000 0.000000
-15.276681 0.000000 0.000000 0.000000 0.000000 0.000000 0.000000 0.000000 0.000000 0.000000 0.000000
-15.166681 0.000000 0.000000 0.000000 0.000000 0.000000 0.000000 0.000000 0.000000 0.000000 0.000000
-15.056681 0.000000 0.000000 0.000000 0.000000 0.000000 0.000000 0.000000 0.000000 0.000000 0.000000
-14.947681 0.000000 0.000000 0.000000 0.000000 0.000000 0.000000 0.000000 0.000000 0.000000 0.000000
-14.837681 0.000000 0.000000 0.000000 0.000000 0.000000 0.000000 0.000000 0.000000 0.000000 0.000000
-14.727681 0.000000 0.000000 0.000000 0.000000 0.000000 0.000000 0.000000 0.000000 0.000000 0.000000
-14.617681 0.000000 0.000000 0.000000 0.000000 0.000000 0.000000 0.000000 0.000000 0.000000 0.000000
-14.508681 0.000000 0.000000 0.000000 0.000000 0.000000 0.000000 0.000000 0.000000 0.000000 0.000000
-14.398681 0.000000 0.000000 0.000000 0.000000 0.000000 0.000000 0.000000 0.000000 0.000000 0.000000
-14.288681 0.000000 0.000000 0.000000 0.000000 0.000000 0.000000 0.000000 0.000000 0.000000 0.000000
-14.179681 0.000000 0.000000 0.000000 0.000000 0.000000 0.000000 0.000000 0.000000 0.000000 0.000000
-14.069681 0.000000 0.000000 0.000000 0.000000 0.000000 0.000000 0.000000 0.000000 0.000000 0.000000
-13.959681 0.000000 0.000000 0.000000 0.000000 0.000000 0.000000 0.000000 0.000000 0.000000 0.000000
-13.849681 0.000000 0.000000 0.000000 0.000000 0.000000 0.000000 0.000000 0.000000 0.000000 0.000000
-13.740681 0.000000 0.000000 0.000000 0.000000 0.000000 0.000000 0.000000 0.000000 0.000000 0.000000
-13.630681 0.000000 0.000000 0.000000 0.000000 0.000000 0.000000 0.000000 0.000000 0.000000 0.000000
-13.520681 0.000000 0.000000 0.000000 0.000000 0.000000 0.000000 0.000000 0.000000 0.000000 0.000000
-13.411681 0.000000 0.000000 0.000000 0.000000 0.000000 0.000000 0.000000 0.000000 0.000000 0.000000
-13.301681 0.000000 0.000000 0.000000 0.000000 0.000000 0.000000 0.000000 0.000000 0.000000 0.000000
-13.191681 0.000000 0.000000 0.000000 0.000000 0.000000 0.000000 0.000000 0.000000 0.000000 0.000000
-13.082681 0.000000 0.000000 0.000000 0.000000 0.000000 0.000000 0.000000 0.000000 0.000000 0.000000
-12.972681 0.000000 0.000000 0.000000 0.000000 0.000000 0.000000 0.000000 0.000000 0.000000 0.000000
-12.862681 0.000000 0.000000 0.000000 0.000000 0.000000 0.000000 0.000000 0.000000 0.000000 0.000000
-12.752681 0.000000 0.000000 0.000000 0.000000 0.000000 0.000000 0.000000 0.000000 0.000000 0.000000
-12.643681 0.000000 0.000000 0.000000 0.000000 0.000000 0.000000 0.000000 0.000000 0.000000 0.000000
-12.533681 0.000000 0.000000 0.000000 0.000000 0.000000 0.000000 0.000000 0.000000 0.000000 0.000000
-12.423681 0.000000 0.000000 0.000000 0.000000 0.000000 0.000000 0.000000 0.000000 0.000000 0.000000
-12.314681 0.000000 0.000000 0.000000 0.000000 0.000000 0.000000 0.000000 0.000000 0.000000 0.000000
-12.204681 0.000000 0.000000 0.000000 0.000000 0.000000 0.000000 0.000000 0.000000 0.000000 0.000000
-12.094681 0.000000 0.000000 0.000000 0.000000 0.000000 0.000000 0.000000 0.000000 0.000000 0.000000
-11.985681 0.000000 0.000000 0.000000 0.000000 0.000000 0.000000 0.000000 0.000000 0.000000 0.000000
-11.875681 0.000000 0.000000 0.000000 0.000000 0.000000 0.000000 0.000000 0.000000 0.000000 0.000000
-11.765681 0.000000 0.000000 0.000000 0.000000 0.000000 0.000000 0.000000 0.000000 0.000000 0.000000
-11.655681 0.000000 0.000000 0.000000 0.000000 0.000000 0.000000 0.000000 0.000000 0.000000 0.000000
-11.546681 0.000000 0.000000 0.000000 0.000000 0.000000 0.000000 0.000000 0.000000 0.000000 0.000000
-11.436681 0.000000 0.000000 0.000000 0.000000 0.000000 0.000000 0.000000 0.000000 0.000000 0.000000
-11.326681 0.000000 0.000000 0.000000 0.000000 0.000000 0.000000 0.000000 0.000000 0.000000 0.000000
-11.217681 0.000000 0.000000 0.000000 0.000000 0.000000 0.000000 0.000000 0.000000 0.000000 0.000000
-11.107681 0.000000 0.000000 0.000000 0.000000 0.000000 0.000000 0.000000 0.000000 0.000000 0.000000
-10.997681 0.000000 0.000000 0.000000 0.000000 0.000000 0.000000 0.000000 0.000000 0.000000 0.000000
-10.887681 0.000000 0.000000 0.000000 0.000000 0.000000 0.000000 0.000000 0.000000 0.000000 0.000000
-10.778681 0.000000 0.000000 0.000000 0.000000 0.000000 0.000000 0.000000 0.000000 0.000000 0.000000
-10.668681 0.000000 0.000000 0.000000 0.000000 0.000000 0.000000 0.000000 0.000000 0.000000 0.000000
-10.558681 0.000000 0.000000 0.000000 0.000000 0.000000 0.000000 0.000000 0.000000 0.000000 0.000000
-10.449681 0.000000 0.000000 0.000000 0.000000 0.000000 0.000000 0.000000 0.000000 0.000000 0.000000
-10.339681 0.000000 0.000000 0.000000 0.000000 0.000000 0.000000 0.000000 0.000000 0.000000 0.000000
-10.229681 0.000000 0.000000 0.000000 0.000000 0.000000 0.000000 0.000000 0.000000 0.000000 0.000000
-10.120681 0.000000 0.000000 0.000000 0.000000 0.000000 0.000000 0.000000 0.000000 0.000000 0.000000
-10.010681 0.000000 0.000000 0.000000 0.000000 0.000000 0.000000 0.000000 0.000000 0.000000 0.000000
-9.900681 0.000000 0.000000 0.000000 0.000000 0.000000 0.000000 0.000000 0.000000 0.000000 0.000000
-9.790681 0.000000 0.000000 0.000000 0.000000 0.000000 0.000000 0.000000 0.000000 0.000000 0.000000
-9.681681 0.000000 0.000000 0.000000 0.000000 0.000000 0.000000 0.000000 0.000000 0.000000 0.000000
-9.571681 0.000000 0.000000 0.000000 0.000000 0.000000 0.000000 0.000000 0.000000 0.000000 0.000000
-9.461681 0.000000 0.000000 0.000000 0.000000 0.000000 0.000000 0.000000 0.000000 0.000000 0.000000
-9.352681 0.000000 0.000000 0.000000 0.000000 0.000000 0.000000 0.000000 0.000000 0.000000 0.000000
-9.242681 0.000000 0.000000 0.000000 0.000000 0.000000 0.000000 0.000000 0.000000 0.000000 0.000000
-9.132681 0.000000 0.000000 0.000000 0.000000 0.000000 0.000000 0.000000 0.000000 0.000000 0.000000
-9.022681 0.000000 0.000000 0.000000 0.000000 0.000000 0.000000 0.000000 0.000000 0.000000 0.000000
-8.913681 0.000000 0.000000 0.000000 0.000000 0.000000 0.000000 0.000000 0.000000 0.000000 0.000000
-8.803681 0.000000 0.000000 0.000000 0.000000 0.000000 0.000000 0.000000 0.000000 0.000000 0.000000
-8.693681 0.000000 0.000000 0.000000 0.000000 0.000000 0.000000 0.000000 0.000000 0.000000 0.000000
-8.584681 0.000000 0.000000 0.000000 0.000000 0.000000 0.000000 0.000000 0.000000 0.000000 0.000000
-8.474681 0.000000 0.000000 0.000000 0.000000 0.000000 0.000000 0.000000 0.000000 0.000000 0.000000
-8.364681 0.000000 0.000000 0.000000 0.000000 0.000000 0.000000 0.000000 0.000000 0.000000 0.000000
-8.255681 0.000000 0.000000 0.000000 0.000000 0.000000 0.000000 0.000000 0.000000 0.000000 0.000000
-8.145681 0.000000 0.000000 0.000000 0.000000 0.000000 0.000000 0.000000 0.000000 0.000000 0.000000
-8.035681 0.000000 0.000000 0.000000 0.000000 0.000000 0.000000 0.000000 0.000000 0.000000 0.000000
-7.925681 0.000000 0.000000 0.000000 0.000000 0.000000 0.000000 0.000000 0.000000 0.000000 0.000000
-7.816681 0.000000 0.000000 0.000000 0.000000 0.000000 0.000000 0.000000 0.000000 0.000000 0.000000
-7.706681 0.000000 0.000000 0.000000 0.000000 0.000000 0.000000 0.000000 0.000000 0.000000 0.000000
-7.596681 0.000000 0.000000 0.000000 0.000000 0.000000 0.000000 0.000000 0.000000 0.000000 0.000000
-7.487681 0.000000 0.000000 0.000000 0.000000 0.000000 0.000000 0.000000 0.000000 0.000000 0.000000
-7.377681 0.000000 0.000000 0.000000 0.000000 0.000000 0.000000 0.000000 0.000000 0.000000 0.000000
-7.267681 0.000000 0.000000 0.000000 0.000000 0.000000 0.000000 0.000000 0.000000 0.000000 0.000000
-7.158681 0.003525 0.000032 0.000032 0.000058 0.007148 0.005525 0.000062 0.005244 0.000092 0.021718
-7.048681 0.017980 0.000199 0.000244 0.000392 0.038790 0.029760 0.000844 0.027240 0.000905 0.116354
-6.938681 0.024950 0.000578 0.000808 0.001053 0.061020 0.053320 0.006274 0.042200 0.006763 0.196966
-6.828681 0.033270 0.001016 0.001840 0.002024 0.087390 0.093930 0.022310 0.059440 0.023060 0.324280
-6.719681 0.047990 0.002182 0.005244 0.005504 0.133400 0.250500 0.136900 0.087350 0.197000 0.866070
-6.609681 0.060100 0.005748 0.012640 0.009062 0.281800 0.340300 0.491800 0.137300 0.350200 1.688950
-6.499681 0.043180 0.008624 0.007951 0.008200 0.268400 0.252000 0.477700 0.153600 0.309000 1.528655
-6.390681 0.007783 0.000478 0.001966 0.000541 0.037480 0.061100 0.072170 0.038740 0.069720 0.289979
-6.280681 0.025300 0.001612 0.003266 0.004562 0.054580 0.177300 0.139200 0.175300 0.359100 0.940220
-6.170681 0.039710 0.005440 0.017290 0.010670 0.256600 0.376500 1.018000 0.445400 1.323000 3.492610
-6.060681 0.033870 0.005256 0.010480 0.009502 0.349200 0.374400 1.750000 0.383400 2.063000 4.979108
-5.951681 0.043260 0.005287 0.006309 0.009419 0.410300 0.287500 0.773300 0.233200 0.613800 2.382375
-5.841681 0.023500 0.003490 0.002769 0.005669 0.259800 0.191200 0.187000 0.100900 0.200300 0.974628
-5.731681 0.009786 0.001095 0.003506 0.001691 0.071770 0.072860 0.038040 0.052370 0.083130 0.334248
-5.622681 0.032310 0.006518 0.012090 0.015320 0.455600 0.499000 0.180800 0.427300 0.283900 1.912838
-5.512681 0.025560 0.006676 0.016140 0.017310 0.611300 0.493500 0.173700 0.357400 0.190300 1.891886
-5.402681 0.027550 0.008912 0.019320 0.031950 0.644000 0.644600 0.247900 0.352600 0.211100 2.187932
-5.293681 0.021380 0.003799 0.010270 0.015210 0.399500 0.415300 0.152400 0.330700 0.136000 1.484559
-5.183681 0.023700 0.003793 0.014210 0.006574 0.732300 0.644800 0.154600 1.089000 0.134200 2.803177
-5.073681 0.011820 0.003004 0.013600 0.006558 0.326300 0.205400 0.079000 0.398000 0.074850 1.118532
-4.963681 0.005654 0.001691 0.007255 0.005266 0.159700 0.099160 0.047950 0.176900 0.060460 0.564036
-4.854681 0.000871 0.000270 0.000695 0.000808 0.038540 0.017620 0.006986 0.048420 0.012430 0.126639
-4.744681 0.001740 0.001741 0.004898 0.003112 0.154000 0.106300 0.018780 0.159800 0.025170 0.475541
-4.634681 0.010960 0.002830 0.011790 0.009428 0.182500 0.169200 0.031490 0.207700 0.041260 0.667158
-4.525681 0.039480 0.005165 0.022020 0.015750 0.194900 0.249700 0.037040 0.224700 0.040100 0.828855
-4.415681 0.063210 0.011050 0.037050 0.023860 0.223800 0.323300 0.040500 0.323300 0.042680 1.088750
-4.305681 0.086430 0.003553 0.010270 0.013110 0.304300 0.369900 0.036870 0.292500 0.019410 1.136343
-4.196681 0.009845 0.001984 0.001905 0.004514 0.035420 0.024270 0.006956 0.043780 0.007011 0.135685
-4.086681 0.098560 0.007912 0.009176 0.017230 0.203600 0.312000 0.029010 0.748400 0.028380 1.454268
-3.976681 0.053720 0.009626 0.010830 0.012030 0.212200 0.212000 0.020660 0.300000 0.017480 0.848546
-3.866681 0.019820 0.006830 0.009115 0.008205 0.065610 0.121000 0.016280 0.146200 0.013150 0.406210
-3.757681 0.007754 0.004487 0.006737 0.006378 0.026960 0.079770 0.015000 0.071740 0.010390 0.229216
-3.647681 0.012960 0.009159 0.007119 0.012200 0.062130 0.074100 0.025470 0.070420 0.014010 0.287568
-3.537681 0.017060 0.023980 0.013720 0.024580 0.181200 0.104700 0.024780 0.126200 0.015690 0.531910
-3.428681 0.018250 0.016740 0.015310 0.025030 0.165200 0.075040 0.022660 0.104600 0.016270 0.459100
-3.318681 0.014570 0.009814 0.013090 0.020180 0.102300 0.056070 0.017290 0.067530 0.013470 0.314314
-3.208681 0.010770 0.007547 0.008901 0.012660 0.049720 0.046060 0.016810 0.045290 0.011570 0.209328
-3.098681 0.011740 0.016460 0.011220 0.013090 0.072770 0.078060 0.025780 0.061470 0.017730 0.308320
-2.989681 0.011010 0.019720 0.011980 0.013510 0.075520 0.079520 0.037640 0.066330 0.029200 0.344430
-2.879681 0.010390 0.024230 0.011230 0.014690 0.083030 0.079930 0.042260 0.073270 0.036080 0.375110
-2.769681 0.012500 0.028790 0.012760 0.017710 0.091700 0.093080 0.049740 0.091410 0.046890 0.444580
-2.660681 0.009084 0.022440 0.009192 0.016470 0.074710 0.061600 0.046740 0.063770 0.047920 0.351926
-2.550681 0.006561 0.015870 0.006775 0.012520 0.048780 0.040780 0.044470 0.044840 0.048760 0.269356
-2.440681 0.005078 0.009876 0.005846 0.006449 0.031350 0.025710 0.042950 0.029240 0.046670 0.203169
-2.331681 0.003673 0.003448 0.004133 0.003522 0.016110 0.011160 0.035000 0.014800 0.033940 0.125786
-2.221681 0.003881 0.000507 0.002643 0.001228 0.006297 0.006176 0.017830 0.007956 0.009108 0.055626
-2.111681 0.005777 0.001481 0.005070 0.002247 0.011520 0.012470 0.045970 0.014600 0.031210 0.130345
-2.001681 0.004810 0.004973 0.004372 0.003293 0.022120 0.024120 0.219200 0.016320 0.164200 0.463408
-1.892681 0.004278 0.004830 0.003672 0.002509 0.018500 0.016470 0.213900 0.016330 0.182500 0.462989
-1.782681 0.003955 0.004234 0.003450 0.002593 0.009984 0.014080 0.086760 0.014310 0.141100 0.280466
-1.672681 0.004401 0.004503 0.003777 0.003349 0.010170 0.016240 0.112500 0.019560 0.184200 0.358700
-1.563681 0.008151 0.005738 0.005044 0.004609 0.013940 0.020060 0.151900 0.030270 0.225800 0.465512
-1.453681 0.007404 0.005222 0.004603 0.004789 0.014950 0.015120 0.122000 0.030370 0.167500 0.371958
-1.343681 0.008079 0.005003 0.004055 0.005113 0.016300 0.012480 0.092030 0.030370 0.120500 0.293930
-1.233681 0.006804 0.003473 0.002477 0.004820 0.012850 0.007859 0.064520 0.022960 0.056150 0.181913
-1.124681 0.006396 0.002352 0.001736 0.003294 0.018090 0.009006 0.059170 0.013880 0.032720 0.146644
-1.014681 0.013100 0.003851 0.003098 0.003082 0.037140 0.035840 0.112600 0.013120 0.047710 0.269541
-0.904681 0.007426 0.003521 0.002408 0.002254 0.015190 0.018830 0.074980 0.006280 0.040040 0.170929
-0.795681 0.011420 0.003145 0.005007 0.002074 0.008579 0.016940 0.058700 0.003866 0.051530 0.161261
-0.685681 0.001719 0.000787 0.000702 0.000394 0.001538 0.002051 0.014320 0.000354 0.009421 0.031286
-0.575681 0.028250 0.008192 0.003401 0.002574 0.013480 0.005257 0.030060 0.004281 0.038160 0.133655
-0.466681 0.049450 0.005439 0.007201 0.005818 0.011590 0.005346 0.070720 0.006878 0.076690 0.239132
-0.356681 0.009675 0.005341 0.007252 0.005374 0.003337 0.003547 0.055540 0.004015 0.036930 0.131011
-0.246681 0.004235 0.004787 0.004978 0.006350 0.001897 0.001635 0.043580 0.002103 0.067820 0.137385
-0.136681 0.000279 0.001352 0.000494 0.002430 0.000411 0.002357 0.007110 0.002158 0.071790 0.088381
-0.027681 0.000000 0.000000 0.000000 0.000000 0.000000 0.000000 0.000000 0.000000 0.000000 0.000000
0.082319 0.000000 0.000000 0.000000 0.000000 0.000000 0.000000 0.000000 0.000000 0.000000 0.000000
0.192319 0.000000 0.000000 0.000000 0.000000 0.000000 0.000000 0.000000 0.000000 0.000000 0.000000
0.301319 0.000000 0.000000 0.000000 0.000000 0.000000 0.000000 0.000000 0.000000 0.000000 0.000000
0.411319 0.000000 0.000000 0.000000 0.000000 0.000000 0.000000 0.000000 0.000000 0.000000 0.000000
0.521319 0.000000 0.000000 0.000000 0.000000 0.000000 0.000000 0.000000 0.000000 0.000000 0.000000
0.630319 0.000000 0.000000 0.000000 0.000000 0.000000 0.000000 0.000000 0.000000 0.000000 0.000000
0.740319 0.004141 0.000134 0.000162 0.000389 0.000055 0.000130 0.000170 0.000048 0.000485 0.005712
0.850319 0.008521 0.000401 0.000554 0.001536 0.000146 0.000313 0.000926 0.000124 0.001552 0.014073
0.960319 0.027010 0.001446 0.003711 0.003337 0.000511 0.000670 0.006203 0.000340 0.004495 0.047723
1.069319 0.044260 0.003870 0.008271 0.007376 0.000986 0.001230 0.015430 0.000664 0.009576 0.091664
1.179319 0.042830 0.007802 0.015820 0.015440 0.001827 0.002091 0.016370 0.001060 0.012850 0.116090
1.289319 0.020360 0.012160 0.014860 0.018010 0.002185 0.002749 0.012030 0.001438 0.011770 0.095562
1.398319 0.007448 0.012910 0.011530 0.011580 0.001452 0.001789 0.012300 0.001060 0.017720 0.077789
1.508319 0.006385 0.015670 0.014590 0.012480 0.001576 0.002054 0.029860 0.001508 0.037850 0.121973
1.618319 0.004340 0.017810 0.011170 0.010050 0.001757 0.001829 0.055590 0.001602 0.050010 0.154158
1.728319 0.002306 0.007654 0.005793 0.005235 0.001400 0.001189 0.045830 0.001304 0.049710 0.120421
1.837319 0.000898 0.004085 0.002917 0.002755 0.001282 0.000937 0.036270 0.001165 0.046410 0.096719
1.947319 0.000143 0.000846 0.000928 0.000566 0.001136 0.000292 0.018700 0.000501 0.013250 0.036361
2.057319 0.000000 0.000000 0.000000 0.000000 0.000000 0.000000 0.000000 0.000000 0.000000 0.000000
2.166319 0.000000 0.000000 0.000000 0.000000 0.000000 0.000000 0.000000 0.000000 0.000000 0.000000
2.276319 0.000000 0.000000 0.000000 0.000000 0.000000 0.000000 0.000000 0.000000 0.000000 0.000000
2.386319 0.000000 0.000000 0.000000 0.000000 0.000000 0.000000 0.000000 0.000000 0.000000 0.000000
2.495319 0.000000 0.000000 0.000000 0.000000 0.000000 0.000000 0.000000 0.000000 0.000000 0.000000
2.605319 0.000000 0.000000 0.000000 0.000000 0.000000 0.000000 0.000000 0.000000 0.000000 0.000000
2.715319 0.000000 0.000000 0.000000 0.000000 0.000000 0.000000 0.000000 0.000000 0.000000 0.000000
2.825319 0.000000 0.000000 0.000000 0.000000 0.000000 0.000000 0.000000 0.000000 0.000000 0.000000
2.934319 0.000000 0.000000 0.000000 0.000000 0.000000 0.000000 0.000000 0.000000 0.000000 0.000000
3.044319 0.000000 0.000000 0.000000 0.000000 0.000000 0.000000 0.000000 0.000000 0.000000 0.000000
3.154319 0.000000 0.000000 0.000000 0.000000 0.000000 0.000000 0.000000 0.000000 0.000000 0.000000
3.263319 0.000000 0.000000 0.000000 0.000000 0.000000 0.000000 0.000000 0.000000 0.000000 0.000000
3.373319 0.000027 0.000000 0.000000 0.000000 0.000000 0.000000 0.000000 0.000000 0.000000 0.000028
3.483319 0.000467 0.000003 0.000003 0.000010 0.000000 0.000000 0.000000 0.000000 0.000000 0.000483
3.592319 0.001065 0.000009 0.000007 0.000025 0.000000 0.000000 0.000000 0.000000 0.000001 0.001108
3.702319 0.001823 0.000016 0.000011 0.000047 0.000001 0.000000 0.000001 0.000000 0.000002 0.001901
3.812319 0.002717 0.000025 0.000017 0.000075 0.000001 0.000001 0.000002 0.000001 0.000004 0.002842
3.922319 0.003662 0.000037 0.000024 0.000114 0.000002 0.000001 0.000003 0.000001 0.000007 0.003850
4.031319 0.004207 0.000068 0.000029 0.000160 0.000003 0.000001 0.000007 0.000001 0.000011 0.004486
4.141319 0.004387 0.000109 0.000035 0.000209 0.000005 0.000001 0.000012 0.000001 0.000016 0.004776
4.251319 0.004839 0.000134 0.000047 0.000255 0.000007 0.000002 0.000015 0.000002 0.000022 0.005323
4.360319 0.005330 0.000157 0.000061 0.000303 0.000008 0.000002 0.000018 0.000003 0.000029 0.005913
4.470319 0.005807 0.000183 0.000077 0.000361 0.000010 0.000003 0.000022 0.000004 0.000039 0.006507
4.580319 0.006253 0.000212 0.000094 0.000436 0.000012 0.000004 0.000028 0.000006 0.000053 0.007098
4.690319 0.006735 0.000245 0.000111 0.000506 0.000014 0.000004 0.000035 0.000007 0.000067 0.007724
4.799319 0.007242 0.000279 0.000128 0.000574 0.000017 0.000005 0.000043 0.000008 0.000081 0.008376
4.909319 0.007761 0.000315 0.000146 0.000645 0.000019 0.000006 0.000050 0.000010 0.000096 0.009048
5.019319 0.008292 0.000356 0.000166 0.000723 0.000022 0.000007 0.000059 0.000011 0.000112 0.009748
5.128319 0.008832 0.000427 0.000193 0.000827 0.000026 0.000009 0.000073 0.000013 0.000134 0.010534
5.238319 0.009388 0.000526 0.000230 0.000957 0.000030 0.000011 0.000093 0.000016 0.000164 0.011415
5.348319 0.009964 0.000644 0.000276 0.001079 0.000035 0.000014 0.000114 0.000018 0.000195 0.012339
5.457319 0.010560 0.000748 0.000333 0.001200 0.000040 0.000017 0.000133 0.000021 0.000229 0.013281
5.567319 0.011180 0.000842 0.000396 0.001329 0.000045 0.000021 0.000151 0.000024 0.000265 0.014253
5.677319 0.011820 0.000933 0.000465 0.001467 0.000049 0.000025 0.000169 0.000028 0.000305 0.015261
5.787319 0.012580 0.001033 0.000543 0.001624 0.000055 0.000031 0.000189 0.000032 0.000350 0.016436
5.896319 0.013520 0.001143 0.000624 0.001814 0.000062 0.000039 0.000213 0.000038 0.000406 0.017859
6.006319 0.014340 0.001258 0.000702 0.001986 0.000067 0.000046 0.000240 0.000043 0.000463 0.019145
6.116319 0.015030 0.001372 0.000776 0.002146 0.000071 0.000052 0.000267 0.000046 0.000521 0.020282
6.225319 0.015590 0.001485 0.000846 0.002297 0.000074 0.000057 0.000296 0.000048 0.000581 0.021275
6.335319 0.016020 0.001643 0.000916 0.002488 0.000075 0.000062 0.000336 0.000050 0.000644 0.022234
6.445319 0.016980 0.002142 0.001274 0.002884 0.000083 0.000075 0.000396 0.000061 0.000733 0.024628
6.555319 0.018090 0.002627 0.001647 0.003237 0.000094 0.000090 0.000461 0.000074 0.000826 0.027146
6.664319 0.019100 0.003082 0.002012 0.003583 0.000107 0.000104 0.000533 0.000086 0.000914 0.029521
6.774319 0.020200 0.003561 0.002417 0.003981 0.000119 0.000123 0.000608 0.000097 0.000999 0.032105
6.884319 0.021350 0.004099 0.002898 0.004442 0.000134 0.000146 0.000689 0.000109 0.001087 0.034953
6.993319 0.022520 0.004694 0.003494 0.004938 0.000154 0.000171 0.000776 0.000122 0.001190 0.038060
7.103319 0.023800 0.005360 0.004176 0.005479 0.000176 0.000203 0.000867 0.000137 0.001300 0.041498
7.213319 0.025390 0.006412 0.005224 0.006375 0.000207 0.000246 0.000970 0.000158 0.001427 0.046409
7.322319 0.027270 0.009583 0.008397 0.009222 0.000275 0.000322 0.001118 0.000204 0.001621 0.058013
7.432319 0.028710 0.011750 0.010480 0.011010 0.000335 0.000387 0.001285 0.000234 0.001809 0.066000
7.542319 0.030460 0.013370 0.011870 0.012150 0.000371 0.000464 0.001541 0.000247 0.001981 0.072454
7.652319 0.032450 0.014280 0.012510 0.012590 0.000396 0.000554 0.001766 0.000245 0.002158 0.076949
7.761319 0.035020 0.013990 0.012100 0.011820 0.000412 0.000640 0.001958 0.000237 0.002312 0.078490
7.871319 0.044730 0.013340 0.011510 0.010820 0.000422 0.000745 0.002155 0.000247 0.002474 0.086443
7.981319 0.065090 0.013390 0.011570 0.010560 0.000441 0.000844 0.002448 0.000252 0.002645 0.107239
8.090319 0.091660 0.014500 0.012280 0.011190 0.000509 0.000977 0.003055 0.000278 0.002902 0.137350
8.200319 0.109000 0.016270 0.013390 0.011740 0.000611 0.001162 0.003802 0.000311 0.003068 0.159353
8.310319 0.108200 0.016690 0.013570 0.011550 0.000712 0.001316 0.003632 0.000325 0.002834 0.158829
8.419319 0.103600 0.016700 0.013450 0.011270 0.000818 0.001462 0.003266 0.000339 0.002727 0.153632
8.529319 0.101400 0.017070 0.013550 0.011250 0.000943 0.001619 0.003036 0.000358 0.002712 0.151937
8.639319 0.101700 0.017430 0.013510 0.011230 0.001091 0.001784 0.002958 0.000377 0.002649 0.152729
8.749319 0.102900 0.017620 0.013410 0.011150 0.001279 0.001983 0.002832 0.000414 0.002605 0.154193
8.858319 0.099790 0.017670 0.013000 0.011120 0.001517 0.002122 0.002615 0.000482 0.002396 0.150712
8.968319 0.096400 0.017750 0.012500 0.011210 0.001760 0.002213 0.002449 0.000570 0.002119 0.146971
9.078319 0.086370 0.017900 0.012220 0.010870 0.001948 0.002067 0.002133 0.000585 0.001695 0.135788
9.187319 0.082900 0.017670 0.012390 0.010620 0.001994 0.002282 0.001848 0.000638 0.001649 0.131991
9.297319 0.081270 0.017640 0.012660 0.010400 0.002021 0.002502 0.001697 0.000685 0.001609 0.130484
9.407319 0.079660 0.017500 0.012910 0.010120 0.002013 0.002744 0.001574 0.000734 0.001565 0.128820
9.517319 0.077980 0.017280 0.013030 0.009860 0.002015 0.002994 0.001480 0.000790 0.001519 0.126948
9.626319 0.076970 0.017010 0.013040 0.009588 0.002021 0.003300 0.001426 0.000868 0.001477 0.125700
9.736319 0.076390 0.016520 0.012940 0.009346 0.002010 0.003487 0.001438 0.000944 0.001417 0.124492
9.846319 0.082380 0.016800 0.013210 0.010620 0.002414 0.003801 0.001598 0.001141 0.001433 0.133397
9.955319 0.088770 0.016790 0.013020 0.011470 0.002768 0.003960 0.001804 0.001310 0.001454 0.141346
10.065319 0.088520 0.012650 0.011860 0.007026 0.001235 0.003748 0.001851 0.001407 0.001280 0.129577
10.175319 0.102300 0.010380 0.010360 0.007281 0.001226 0.003141 0.002287 0.001260 0.001213 0.139448
10.284319 0.070620 0.005354 0.006186 0.004554 0.000613 0.001884 0.001621 0.000832 0.000778 0.092442
10.394319 0.013710 0.000946 0.001346 0.001112 0.000056 0.000457 0.000245 0.000256 0.000221 0.018349
10.504319 0.000000 0.000000 0.000000 0.000000 0.000000 0.000000 0.000000 0.000000 0.000000 0.000000
10.614319 0.000000 0.000000 0.000000 0.000000 0.000000 0.000000 0.000000 0.000000 0.000000 0.000000
10.723319 0.000000 0.000000 0.000000 0.000000 0.000000 0.000000 0.000000 0.000000 0.000000 0.000000
10.833319 0.000000 0.000000 0.000000 0.000000 0.000000 0.000000 0.000000 0.000000 0.000000 0.000000
10.943319 0.000000 0.000000 0.000000 0.000000 0.000000 0.000000 0.000000 0.000000 0.000000 0.000000
11.052319 0.000000 0.000000 0.000000 0.000000 0.000000 0.000000 0.000000 0.000000 0.000000 0.000000
11.162319 0.000000 0.000000 0.000000 0.000000 0.000000 0.000000 0.000000 0.000000 0.000000 0.000000
11.272319 0.000000 0.000000 0.000000 0.000000 0.000000 0.000000 0.000000 0.000000 0.000000 0.000000
11.381319 0.000000 0.000000 0.000000 0.000000 0.000000 0.000000 0.000000 0.000000 0.000000 0.000000
11.491319 0.000000 0.000000 0.000000 0.000000 0.000000 0.000000 0.000000 0.000000 0.000000 0.000000
11.601319 0.000000 0.000000 0.000000 0.000000 0.000000 0.000000 0.000000 0.000000 0.000000 0.000000
11.711319 0.000000 0.000000 0.000000 0.000000 0.000000 0.000000 0.000000 0.000000 0.000000 0.000000
11.820319 0.000000 0.000000 0.000000 0.000000 0.000000 0.000000 0.000000 0.000000 0.000000 0.000000
11.930319 0.000000 0.000000 0.000000 0.000000 0.000000 0.000000 0.000000 0.000000 0.000000 0.000000
12.040319 0.000000 0.000000 0.000000 0.000000 0.000000 0.000000 0.000000 0.000000 0.000000 0.000000
12.149319 0.000000 0.000000 0.000000 0.000000 0.000000 0.000000 0.000000 0.000000 0.000000 0.000000
12.259319 0.000000 0.000000 0.000000 0.000000 0.000000 0.000000 0.000000 0.000000 0.000000 0.000000
12.369319 0.000000 0.000000 0.000000 0.000000 0.000000 0.000000 0.000000 0.000000 0.000000 0.000000
12.479319 0.000000 0.000000 0.000000 0.000000 0.000000 0.000000 0.000000 0.000000 0.000000 0.000000
