# E(eV)    DOS      Integrated DOS
-20.432681 0.000000 0.000000
-20.322681 0.000000 0.000000
-20.212681 0.000000 0.000000
-20.103681 0.000000 0.000000
-19.993681 0.000000 0.000000
-19.883681 0.000000 0.000000
-19.774681 0.000000 0.000000
-19.664681 0.000000 0.000000
-19.554681 0.000000 0.000000
-19.444681 0.000000 0.000000
-19.335681 0.000000 0.000000
-19.225681 0.000000 0.000000
-19.115681 0.000000 0.000000
-19.006681 0.000000 0.000000
-18.896681 0.000000 0.000000
-18.786681 0.000000 0.000000
-18.676681 0.000000 0.000000
-18.567681 0.000000 0.000000
-18.457681 0.000000 0.000000
-18.347681 0.112400 0.003976
-18.238681 0.177500 0.020020
-18.128681 0.252100 0.043440
-18.018681 0.316200 0.074690
-17.909681 0.389100 0.113200
-17.799681 0.489300 0.161700
-17.689681 0.551300 0.218600
-17.579681 0.714100 0.289500
-17.470681 0.892900 0.377400
-17.360681 1.172000 0.489500
-17.250681 1.685000 0.643700
-17.141681 3.031000 0.876500
-17.031681 3.947000 1.289000
-16.921681 0.000000 2.000000
-16.811681 0.000000 2.000000
-16.702681 0.000000 2.000000
-16.592681 0.000000 2.000000
-16.482681 0.000000 2.000000
-16.373681 0.000000 2.000000
-16.263681 0.000000 2.000000
-16.153681 0.000000 2.000000
-16.044681 0.000000 2.000000
-15.934681 0.000000 2.000000
-15.824681 0.000000 2.000000
-15.714681 0.000000 2.000000
-15.605681 0.000000 2.000000
-15.495681 0.000000 2.000000
-15.385681 0.000000 2.000000
-15.276681 0.000000 2.000000
-15.166681 0.000000 2.000000
-15.056681 0.000000 2.000000
-14.947681 0.000000 2.000000
-14.837681 0.000000 2.000000
-14.727681 0.000000 2.000000
-14.617681 0.000000 2.000000
-14.508681 0.000000 2.000000
-14.398681 0.000000 2.000000
-14.288681 0.000000 2.000000
-14.179681 0.000000 2.000000
-14.069681 0.000000 2.000000
-13.959681 0.000000 2.000000
-13.849681 0.000000 2.000000
-13.740681 0.000000 2.000000
-13.630681 0.000000 2.000000
-13.520681 0.000000 2.000000
-13.411681 0.000000 2.000000
-13.301681 0.000000 2.000000
-13.191681 0.000000 2.000000
-13.082681 0.000000 2.000000
-12.972681 0.000000 2.000000
-12.862681 0.000000 2.000000
-12.752681 0.000000 2.000000
-12.643681 0.000000 2.000000
-12.533681 0.000000 2.000000
-12.423681 0.000000 2.000000
-12.314681 0.000000 2.000000
-12.204681 0.000000 2.000000
-12.094681 0.000000 2.000000
-11.985681 0.000000 2.000000
-11.875681 0.000000 2.000000
-11.765681 0.000000 2.000000
-11.655681 0.000000 2.000000
-11.546681 0.000000 2.000000
-11.436681 0.000000 2.000000
-11.326681 0.000000 2.000000
-11.217681 0.000000 2.000000
-11.107681 0.000000 2.000000
-10.997681 0.000000 2.000000
-10.887681 0.000000 2.000000
-10.778681 0.000000 2.000000
-10.668681 0.000000 2.000000
-10.558681 0.000000 2.000000
-10.449681 0.000000 2.000000
-10.339681 0.000000 2.000000
-10.229681 0.000000 2.000000
-10.120681 0.000000 2.000000
-10.010681 0.000000 2.000000
-9.900681 0.000000 2.000000
-9.790681 0.000000 2.000000
-9.681681 0.000000 2.000000
-9.571681 0.000000 2.000000
-9.461681 0.000000 2.000000
-9.352681 0.000000 2.000000
-9.242681 0.000000 2.000000
-9.132681 0.000000 2.000000
-9.022681 0.000000 2.000000
-8.913681 0.000000 2.000000
-8.803681 0.000000 2.000000
-8.693681 0.000000 2.000000
-8.584681 0.000000 2.000000
-8.474681 0.000000 2.000000
-8.364681 0.000000 2.000000
-8.255681 0.000000 2.000000
-8.145681 0.000000 2.000000
-8.035681 0.000000 2.000000
-7.925681 0.000000 2.000000
-7.816681 0.000000 2.000000
-7.706681 0.000000 2.000000
-7.596681 0.000000 2.000000
-7.487681 0.000000 2.000000
-7.377681 0.000000 2.000000
-7.267681 0.000000 2.000000
-7.158681 0.052560 2.001000
-7.048681 0.277100 2.019000
-6.938681 0.443700 2.059000
-6.828681 0.692400 2.120000
-6.719681 1.658000 2.231000
-6.609681 3.063000 2.490000
-6.499681 2.677000 2.840000
-6.390681 0.471200 2.977000
-6.280681 1.471000 3.066000
-6.170681 4.924000 3.362000
-6.060681 6.679000 4.169000
-5.951681 3.414000 4.643000
-5.841681 1.400000 4.934000
-5.731681 0.513200 5.022000
-5.622681 2.695000 5.163000
-5.512681 2.642000 5.500000
-5.402681 3.170000 5.850000
-5.293681 2.058000 6.182000
-5.183681 3.423000 6.448000
-5.073681 1.524000 6.823000
-4.963681 0.800800 6.948000
-4.854681 0.158600 6.996000
-4.744681 0.648800 7.025000
-4.634681 1.081000 7.124000
-4.525681 1.718000 7.276000
-4.415681 2.622000 7.515000
-4.305681 2.362000 7.821000
-4.196681 0.333900 8.015000
-4.086681 2.664000 8.133000
-3.976681 1.776000 8.391000
-3.866681 1.006000 8.540000
-3.757681 0.677100 8.630000
-3.647681 1.160000 8.728000
-3.537681 2.006000 8.912000
-3.428681 1.893000 9.134000
-3.318681 1.436000 9.317000
-3.208681 1.037000 9.450000
-3.098681 1.384000 9.582000
-2.989681 1.672000 9.751000
-2.879681 1.918000 9.945000
-2.769681 2.229000 10.180000
-2.660681 1.846000 10.410000
-2.550681 1.478000 10.590000
-2.440681 1.099000 10.740000
-2.331681 0.679200 10.840000
-2.221681 0.300000 10.900000
-2.111681 0.690900 10.940000
-2.001681 2.204000 11.120000
-1.892681 2.209000 11.440000
-1.782681 1.491000 11.610000
-1.672681 1.908000 11.810000
-1.563681 2.554000 12.050000
-1.453681 2.261000 12.330000
-1.343681 1.990000 12.550000
-1.233681 1.529000 12.760000
-1.124681 1.498000 12.910000
-1.014681 3.727000 13.170000
-0.904681 2.534000 13.590000
-0.795681 2.681000 13.860000
-0.685681 0.677000 13.990000
-0.575681 4.053000 14.220000
-0.466681 5.762000 14.930000
-0.356681 2.997000 15.460000
-0.246681 2.478000 15.750000
-0.136681 0.834100 15.980000
-0.027681 0.000000 16.000000
0.082319 0.000000 16.000000
0.192319 0.000000 16.000000
0.301319 0.000000 16.000000
0.411319 0.000000 16.000000
0.521319 0.000000 16.000000
0.630319 0.000000 16.000000
0.740319 0.101000 16.000000
0.850319 0.257500 16.020000
0.960319 0.833900 16.080000
1.069319 1.632000 16.210000
1.179319 2.317000 16.430000
1.289319 2.128000 16.690000
1.398319 1.738000 16.850000
1.508319 2.485000 17.070000
1.618319 2.938000 17.400000
1.728319 2.032000 17.650000
1.837319 1.581000 17.850000
1.947319 0.639400 17.980000
2.057319 0.000000 18.000000
2.166319 0.000000 18.000000
2.276319 0.000000 18.000000
2.386319 0.000000 18.000000
2.495319 0.000000 18.000000
2.605319 0.000000 18.000000
2.715319 0.000000 18.000000
2.825319 0.000000 18.000000
2.934319 0.000000 18.000000
3.044319 0.000000 18.000000
3.154319 0.000000 18.000000
3.263319 0.000000 18.000000
3.373319 0.000138 18.000000
3.483319 0.002441 18.000000
3.592319 0.005631 18.000000
3.702319 0.009710 18.000000
3.812319 0.014580 18.000000
3.922319 0.019900 18.000000
4.031319 0.023600 18.010000
4.141319 0.025720 18.010000
4.251319 0.028920 18.010000
4.360319 0.032320 18.020000
4.470319 0.035830 18.020000
4.580319 0.039490 18.020000
4.690319 0.043250 18.030000
4.799319 0.047130 18.030000
4.909319 0.051130 18.040000
5.019319 0.055330 18.040000
5.128319 0.060170 18.050000
5.238319 0.065710 18.060000
5.348319 0.071450 18.070000
5.457319 0.077190 18.070000
5.567319 0.083030 18.080000
5.677319 0.089030 18.090000
5.787319 0.095910 18.100000
5.896319 0.104000 18.110000
6.006319 0.111400 18.120000
6.116319 0.118100 18.140000
6.225319 0.123900 18.150000
6.335319 0.129700 18.160000
6.445319 0.144600 18.180000
6.555319 0.159700 18.200000
6.664319 0.173300 18.210000
6.774319 0.188100 18.230000
6.884319 0.204300 18.260000
6.993319 0.221400 18.280000
7.103319 0.240100 18.300000
7.213319 0.266700 18.330000
7.322319 0.330600 18.360000
7.432319 0.374500 18.400000
7.542319 0.409600 18.450000
7.652319 0.431200 18.490000
7.761319 0.434100 18.540000
7.871319 0.452300 18.590000
7.981319 0.512100 18.640000
8.090319 0.612000 18.700000
8.200319 0.697100 18.780000
8.310319 0.689200 18.850000
8.419319 0.664600 18.930000
8.529319 0.656300 19.000000
8.639319 0.656000 19.070000
8.749319 0.655000 19.140000
8.858319 0.634000 19.210000
8.968319 0.613100 19.280000
9.078319 0.567700 19.350000
9.187319 0.548600 19.410000
9.297319 0.540100 19.470000
9.407319 0.531100 19.530000
9.517319 0.521100 19.590000
9.626319 0.513000 19.640000
9.736319 0.504200 19.700000
9.846319 0.522900 19.750000
9.955319 0.563200 19.820000
10.065319 0.497600 19.870000
10.175319 0.503100 19.930000
10.284319 0.341100 19.980000
10.394319 0.076070 20.000000
10.504319 0.000000 20.000000
10.614319 0.000000 20.000000
10.723319 0.000000 20.000000
10.833319 0.000000 20.000000
10.943319 0.000000 20.000000
11.052319 0.000000 20.000000
11.162319 0.000000 20.000000
11.272319 0.000000 20.000000
11.381319 0.000000 20.000000
11.491319 0.000000 20.000000
11.601319 0.000000 20.000000
11.711319 0.000000 20.000000
11.820319 0.000000 20.000000
11.930319 0.000000 20.000000
12.040319 0.000000 20.000000
12.149319 0.000000 20.000000
12.259319 0.000000 20.000000
12.369319 0.000000 20.000000
12.479319 0.000000 20.000000
