# E(eV)    DOS      Integrated DOS
-13.933513 0.000000 0.000000
-13.646513 0.000000 0.000000
-13.360513 0.000000 0.000000
-13.073513 0.000000 0.000000
-12.787513 0.000000 0.000000
-12.501513 0.000000 0.000000
-12.214513 0.000000 0.000000
-11.928513 0.000000 0.000000
-11.641513 0.000000 0.000000
-11.355513 0.000000 0.000000
-11.068513 0.000000 0.000000
-10.782513 0.000000 0.000000
-10.495513 0.000000 0.000000
-10.209513 0.000010 0.000003
-9.923513 0.009276 0.002660
-9.636513 0.041260 0.014480
-9.350513 0.063040 0.032540
-9.063513 0.082130 0.056060
-8.777513 0.099730 0.084630
-8.490513 0.119000 0.118700
-8.204513 0.147000 0.160800
-7.917513 0.186800 0.214300
-7.631513 0.272400 0.292300
-7.345513 0.603600 0.465200
-7.058513 1.009000 0.754200
-6.772513 1.763000 1.259000
-6.485513 1.964000 1.822000
-6.199513 1.768000 2.328000
-5.912513 1.417000 2.734000
-5.626513 2.521000 3.456000
-5.339513 2.037000 4.040000
-5.053513 1.989000 4.610000
-4.767513 1.482000 5.034000
-4.480513 1.279000 5.401000
-4.194513 1.237000 5.755000
-3.907513 1.323000 6.134000
-3.621513 2.101000 6.736000
-3.334513 2.021000 7.314000
-3.048513 2.133000 7.926000
-2.761513 1.721000 8.418000
-2.475513 1.664000 8.895000
-2.189513 1.806000 9.412000
-1.902513 2.303000 10.070000
-1.616513 1.213000 10.420000
-1.329513 0.562900 10.580000
-1.043513 0.362500 10.680000
-0.756513 0.320400 10.780000
-0.470513 0.304900 10.860000
-0.184513 0.313700 10.950000
0.102487 0.282700 11.030000
0.388487 0.289800 11.120000
0.675487 0.298300 11.200000
0.961487 0.280800 11.280000
1.248487 0.285400 11.370000
1.534487 0.277300 11.440000
1.821487 0.277500 11.520000
2.107487 0.254400 11.600000
2.393487 0.231900 11.660000
2.680487 0.251700 11.740000
2.966487 0.257500 11.810000
3.253487 0.470000 11.940000
3.539487 0.347800 12.040000
3.826487 0.306500 12.130000
4.112487 0.276100 12.210000
4.399487 0.253400 12.280000
4.685487 0.314400 12.370000
4.971487 0.326700 12.470000
5.258487 0.378800 12.580000
5.544487 0.373300 12.680000
5.831487 0.380900 12.790000
6.117487 0.314400 12.880000
6.404487 0.305100 12.970000
6.690487 0.230300 13.030000
6.977487 0.297400 13.120000
7.263487 0.296800 13.200000
7.549487 0.381500 13.310000
7.836487 0.320700 13.410000
8.122487 0.387400 13.520000
8.409487 0.344800 13.620000
8.695487 0.369300 13.720000
8.982487 0.379100 13.830000
9.268487 0.416800 13.950000
9.555487 0.305100 14.040000
9.841487 0.481200 14.170000
10.127487 0.339000 14.270000
10.414487 0.444200 14.400000
10.700487 0.455100 14.530000
10.987487 0.536800 14.680000
11.273487 0.469100 14.820000
11.560487 0.517100 14.970000
11.846487 0.483300 15.100000
12.133487 0.478300 15.240000
12.419487 0.476900 15.380000
12.705487 0.483700 15.520000
12.992487 0.465700 15.650000
13.278487 0.498400 15.790000
13.565487 0.448900 15.920000
13.851487 0.494500 16.060000
14.138487 0.444300 16.190000
14.424487 0.537300 16.340000
14.711487 0.618700 16.520000
14.997487 0.506900 16.670000
15.283487 0.556400 16.830000
15.570487 0.588800 16.990000
15.856487 0.521400 17.140000
16.143487 0.597200 17.310000
16.429487 0.553000 17.470000
16.716487 0.404200 17.590000
17.002487 0.526200 17.740000
17.288487 0.591400 17.910000
17.575487 0.758100 18.130000
17.861487 0.873000 18.380000
18.148487 0.866700 18.620000
18.434487 0.739300 18.840000
18.721487 0.743600 19.050000
19.007487 0.546800 19.210000
19.294487 0.577600 19.370000
19.580487 0.577000 19.540000
19.866487 0.589100 19.710000
20.153487 0.542300 19.860000
20.439487 0.540700 20.020000
20.726487 0.399600 20.130000
21.012487 0.318700 20.220000
21.299487 0.419000 20.340000
21.585487 0.220200 20.400000
21.872487 0.440300 20.530000
22.158487 0.499900 20.670000
22.444487 0.390000 20.790000
22.731487 0.501600 20.930000
23.017487 0.360800 21.030000
23.304487 0.334800 21.130000
23.590487 0.532700 21.280000
23.877487 0.540400 21.440000
24.163487 0.587900 21.600000
24.450487 0.691800 21.800000
24.736487 0.844300 22.040000
25.022487 0.654800 22.230000
25.309487 0.732000 22.440000
25.595487 0.790000 22.670000
25.882487 0.800000 22.900000
26.168487 0.971400 23.180000
26.455487 1.096000 23.490000
26.741487 0.874500 23.740000
27.028487 0.985100 24.020000
27.314487 0.870300 24.270000
27.600487 0.767000 24.490000
27.887487 0.852700 24.730000
28.173487 0.771900 24.960000
28.460487 0.982200 25.240000
28.746487 0.924500 25.500000
29.033487 0.890300 25.760000
29.319487 0.825900 25.990000
29.606487 0.789700 26.220000
29.892487 0.631900 26.400000
30.178487 0.563500 26.560000
30.465487 0.720800 26.770000
30.751487 0.686400 26.970000
31.038487 0.649900 27.150000
31.324487 0.731600 27.360000
31.611487 0.704100 27.560000
31.897487 0.654200 27.750000
32.184487 0.763400 27.970000
32.470487 0.737400 28.180000
32.756487 0.681900 28.380000
33.043487 0.838300 28.620000
33.329487 0.879900 28.870000
33.616487 0.812500 29.100000
33.902487 0.971500 29.380000
34.189487 1.067000 29.680000
34.475487 0.967900 29.960000
34.761487 1.105000 30.280000
35.048487 1.136000 30.600000
35.334487 1.097000 30.920000
35.621487 0.919800 31.180000
35.907487 0.924800 31.450000
36.194487 1.026000 31.740000
36.480487 0.775900 31.960000
36.767487 0.668100 32.150000
37.053487 0.944100 32.420000
37.339487 1.132000 32.750000
37.626487 0.966300 33.030000
37.912487 0.987800 33.310000
38.199487 0.779500 33.530000
38.485487 0.949800 33.800000
38.772487 0.950700 34.080000
39.058487 0.896100 34.330000
39.345487 1.025000 34.630000
39.631487 1.195000 34.970000
39.917487 1.383000 35.360000
40.204487 1.583000 35.820000
40.490487 1.778000 36.330000
40.777487 2.131000 36.940000
41.063487 2.145000 37.550000
41.350487 1.914000 38.100000
41.636487 1.666000 38.580000
41.923487 2.054000 39.170000
42.209487 2.022000 39.740000
42.495487 1.287000 40.110000
42.782487 1.158000 40.440000
43.068487 1.219000 40.790000
43.355487 1.517000 41.230000
43.641487 1.473000 41.650000
43.928487 1.626000 42.120000
44.214487 1.888000 42.660000
44.501487 1.402000 43.060000
44.787487 1.165000 43.390000
45.073487 1.462000 43.810000
45.360487 1.148000 44.140000
45.646487 0.775900 44.360000
45.933487 0.747700 44.580000
46.219487 0.957000 44.850000
46.506487 1.022000 45.140000
46.792487 0.952400 45.420000
47.079487 1.142000 45.740000
47.365487 1.085000 46.050000
47.651487 1.181000 46.390000
47.938487 1.079000 46.700000
48.224487 0.895000 46.960000
48.511487 0.833000 47.200000
48.797487 0.859600 47.440000
49.084487 0.889700 47.700000
49.370487 0.858100 47.940000
49.657487 1.145000 48.270000
49.943487 1.149000 48.600000
50.229487 1.234000 48.950000
50.516487 1.092000 49.270000
50.802487 0.845200 49.510000
51.089487 0.776200 49.730000
51.375487 1.035000 50.030000
51.662487 0.856000 50.270000
51.948487 0.920100 50.540000
52.234487 0.954700 50.810000
52.521487 1.038000 51.110000
52.807487 1.136000 51.430000
53.094487 0.975500 51.710000
53.380487 1.027000 52.010000
53.667487 1.107000 52.320000
53.953487 1.018000 52.620000
54.240487 0.906600 52.880000
54.526487 1.080000 53.180000
54.812487 1.071000 53.490000
55.099487 1.114000 53.810000
55.385487 0.998500 54.100000
55.672487 1.014000 54.390000
55.958487 1.086000 54.700000
56.245487 1.169000 55.030000
56.531487 1.190000 55.370000
56.818487 1.332000 55.750000
57.104487 1.095000 56.070000
57.390487 1.065000 56.370000
57.677487 1.103000 56.690000
57.963487 1.018000 56.980000
58.250487 0.972100 57.260000
58.536487 1.117000 57.580000
58.823487 1.236000 57.930000
59.109487 1.216000 58.280000
59.396487 0.832000 58.520000
59.682487 0.676600 58.710000
59.968487 0.670600 58.910000
60.255487 0.817300 59.140000
60.541487 0.671100 59.330000
60.828487 0.648700 59.520000
61.114487 0.408200 59.640000
61.401487 0.189700 59.690000
61.687487 0.200500 59.750000
61.974487 0.115000 59.780000
62.260487 0.080210 59.800000
62.546487 0.121600 59.840000
62.833487 0.139000 59.880000
63.119487 0.070400 59.900000
63.406487 0.120700 59.930000
63.692487 0.082490 59.960000
63.979487 0.053870 59.970000
64.265487 0.024080 59.980000
64.552487 0.035850 59.990000
64.838487 0.005248 59.990000
65.124487 0.000612 59.990000
65.411487 0.008695 59.990000
65.697487 0.008278 59.990000
65.984487 0.000002 60.000000
66.270487 0.002054 60.000000
66.557487 0.008336 60.000000
66.843487 0.000083 60.000000
67.130487 0.000163 60.000000
67.416487 0.004998 60.000000
67.702487 0.000076 60.000000
67.989487 0.000177 60.000000
68.275487 0.001563 60.000000
68.562487 0.000006 60.000000
68.848487 0.000000 60.000000
69.135487 0.000000 60.000000
69.421487 0.000000 60.000000
69.707487 0.000000 60.000000
69.994487 0.000000 60.000000
70.280487 0.000000 60.000000
70.567487 0.000000 60.000000
70.853487 0.000000 60.000000
71.140487 0.000000 60.000000
71.426487 0.000000 60.000000
71.713487 0.000000 60.000000
71.999487 0.000000 60.000000
