#  T(K)     E(eV/cell)    F(eV/cell)    Fc(eV/cell)   S(kB/cell)    Cv(kB/cell)
    0.00 NaN              0.12056187 NaN           NaN           NaN          
   10.00    0.12056243    0.12056170    0.01919207    0.00085267    0.00270939
   20.00    0.12057353    0.12055852    0.03121641    0.00871048    0.03234110
   30.00    0.12064610    0.12053961    0.04053532    0.04119010    0.15585827
   40.00    0.12087126    0.12047547    0.04809733    0.11482301    0.37846061
   50.00    0.12130946    0.12033052    0.05435292    0.22720204    0.64076965
   60.00    0.12197539    0.12007594    0.05956742    0.36736780    0.90330971
   70.00    0.12286325    0.11969219    0.06391615    0.52569214    1.15564253
   80.00    0.12396481    0.11916650    0.06752371    0.69602302    1.40000651
   90.00    0.12527499    0.11849019    0.07048327    0.87482137    1.64033022
  100.00    0.12679127    0.11765694    0.07286715    1.05998887    1.87842967
  110.00    0.12851166    0.11666191    0.07473312    1.25009001    2.11384138
  120.00    0.13043314    0.11550135    0.07612840    1.44395941    2.34476027
  130.00    0.13255087    0.11417249    0.07709232    1.64054564    2.56896360
  140.00    0.13485817    0.11267341    0.07765811    1.83887037    2.78440834
  150.00    0.13734676    0.11100300    0.07785428    2.03803181    2.98951687
  160.00    0.14000726    0.10916090    0.07770549    2.23721832    3.18325265
  170.00    0.14282960    0.10714741    0.07723334    2.43571855    3.36508094
  180.00    0.14580344    0.10496337    0.07645688    2.63292480    3.53488008
  190.00    0.14891848    0.10261014    0.07539301    2.82833029    3.69284169
  200.00    0.15216469    0.10008945    0.07405690    3.02152209    3.83937871
  210.00    0.15553244    0.09740335    0.07246215    3.21217170    3.97504881
  220.00    0.15901266    0.09455415    0.07062110    3.40002461    4.10049470
  230.00    0.16259681    0.09154434    0.06854495    3.58488989    4.21639963
  240.00    0.16627698    0.08837657    0.06624393    3.76663037    4.32345565
  250.00    0.17004584    0.08505356    0.06372741    3.94515375    4.42234192
  260.00    0.17389663    0.08157813    0.06100402    4.12040475    4.51371047
  270.00    0.17782314    0.07795309    0.05808172    4.29235833    4.59817762
  280.00    0.18181967    0.07418129    0.05496787    4.46101385    4.67631937
  290.00    0.18588100    0.07026557    0.05166933    4.62639028    4.74866954
  300.00    0.19000237    0.06620875    0.04819246    4.78852199    4.81571978
  310.00    0.19417939    0.06201358    0.04454321    4.94745546    4.87792086
  320.00    0.19840808    0.05768282    0.04072715    5.10324644    4.93568467
  330.00    0.20268477    0.05321914    0.03674948    5.25595762    4.98938665
  340.00    0.20700611    0.04862517    0.03261511    5.40565679    5.03936847
  350.00    0.21136902    0.04390346    0.02832864    5.55241530    5.08594072
  360.00    0.21577071    0.03905653    0.02389443    5.69630681    5.12938553
  370.00    0.22020858    0.03408681    0.01931658    5.83740629    5.16995915
  380.00    0.22468026    0.02899667    0.01459897    5.97578924    5.20789429
  390.00    0.22918357    0.02378843    0.00974528    6.11153104    5.24340234
  400.00    0.23371650    0.01846432    0.00475900    6.24470644    5.27667542
  410.00    0.23827721    0.01302654   -0.00035656    6.37538919    5.30788825
  420.00    0.24286398    0.00747718   -0.00559823    6.50365172    5.33719979
  430.00    0.24747524    0.00181832   -0.01096303    6.62956492    5.36475481
  440.00    0.25210954   -0.00394807   -0.01644807    6.75319796    5.39068528
  450.00    0.25676553   -0.00982003   -0.02205064    6.87461820    5.41511159
  460.00    0.26144197   -0.01579570   -0.02776811    6.99389107    5.43814367
  470.00    0.26613768   -0.02187324   -0.03359800    7.11108006    5.45988204
  480.00    0.27085160   -0.02805090   -0.03953790    7.22624664    5.48041864
  490.00    0.27558273   -0.03432695   -0.04558552    7.33945034    5.49983772
  500.00    0.28033015   -0.04069973   -0.05173868    7.45074867    5.51821653
  510.00    0.28509298   -0.04716761   -0.05799524    7.56019720    5.53562597
  520.00    0.28987041   -0.05372904   -0.06435320    7.66784961    5.55213121
  530.00    0.29466170   -0.06038248   -0.07081059    7.77375766    5.56779218
  540.00    0.29946615   -0.06712645   -0.07736555    7.87797132    5.58266408
  550.00    0.30428309   -0.07395951   -0.08401626    7.98053877    5.59679780
  560.00    0.30911190   -0.08088026   -0.09076098    8.08150645    5.61024028
  570.00    0.31395202   -0.08788735   -0.09759803    8.18091915    5.62303489
  580.00    0.31880290   -0.09497945   -0.10452580    8.27882005    5.63522174
  590.00    0.32366403   -0.10215529   -0.11154272    8.37525076    5.64683794
  600.00    0.32853494   -0.10941360   -0.11864728    8.47025141    5.65791789
  610.00    0.33341518   -0.11675317   -0.12583801    8.56386068    5.66849347
  620.00    0.33830433   -0.12417283   -0.13311351    8.65611586    5.67859428
  630.00    0.34320198   -0.13167141   -0.14047241    8.74705291    5.68824784
  640.00    0.34810777   -0.13924780   -0.14791338    8.83670651    5.69747971
  650.00    0.35302134   -0.14690091   -0.15543515    8.92511010    5.70631371
  660.00    0.35794236   -0.15462968   -0.16303646    9.01229596    5.71477201
  670.00    0.36287052   -0.16243306   -0.17071611    9.09829520    5.72287531
  680.00    0.36780551   -0.17031005   -0.17847294    9.18313789    5.73064289
  690.00    0.37274706   -0.17825966   -0.18630581    9.26685302    5.73809279
  700.00    0.37769490   -0.18628094   -0.19421361    9.34946859    5.74524185
  710.00    0.38264877   -0.19437295   -0.20219528    9.43101165    5.75210585
  720.00    0.38760844   -0.20253477   -0.21024977    9.51150830    5.75869954
  730.00    0.39257368   -0.21076552   -0.21837608    9.59098379    5.76503675
  740.00    0.39754428   -0.21906433   -0.22657322    9.66946250    5.77113046
  750.00    0.40252003   -0.22743034   -0.23484023    9.74696802    5.77699282
  760.00    0.40750073   -0.23586273   -0.24317618    9.82352312    5.78263527
  770.00    0.41248621   -0.24436069   -0.25158017    9.89914985    5.78806855
  780.00    0.41747628   -0.25292343   -0.26005130    9.97386955    5.79330276
  790.00    0.42247078   -0.26155017   -0.26858873   10.04770284    5.79834740
  800.00    0.42746955   -0.27024017   -0.27719161   10.12066971    5.80321142
  810.00    0.43247243   -0.27899267   -0.28585911   10.19278947    5.80790325
  820.00    0.43747929   -0.28780697   -0.29459046   10.26408087    5.81243085
  830.00    0.44248998   -0.29668235   -0.30338485   10.33456203    5.81680172
  840.00    0.44750437   -0.30561812   -0.31224155   10.40425053    5.82102295
  850.00    0.45252234   -0.31461362   -0.32115979   10.47316340    5.82510122
  860.00    0.45754376   -0.32366816   -0.33013887   10.54131715    5.82904287
  870.00    0.46256852   -0.33278112   -0.33917807   10.60872779    5.83285386
  880.00    0.46759651   -0.34195185   -0.34827670   10.67541084    5.83653987
  890.00    0.47262763   -0.35117974   -0.35743409   10.74138137    5.84010626
  900.00    0.47766177   -0.36046418   -0.36664958   10.80665399    5.84355810
  910.00    0.48269884   -0.36980457   -0.37592251   10.87124288    5.84690022
  920.00    0.48773874   -0.37920033   -0.38525226   10.93516181    5.85013717
  930.00    0.49278139   -0.38865088   -0.39463822   10.99842416    5.85327328
  940.00    0.49782669   -0.39815567   -0.40407977   11.06104292    5.85631268
  950.00    0.50287458   -0.40771415   -0.41357633   11.12303071    5.85925927
  960.00    0.50792497   -0.41732578   -0.42312731   11.18439978    5.86211677
  970.00    0.51297778   -0.42699004   -0.43273216   11.24516206    5.86488869
  980.00    0.51803295   -0.43670639   -0.44239030   11.30532913    5.86757842
  990.00    0.52309040   -0.44647435   -0.45210121   11.36491226    5.87018913
