 0.0  0.0
 1.0  0.0

 0.09848775229  -30.0
 0.09848775229  30.0

 0.09848775229  -30.0
 0.09848775229  30.0

 0.155349682586  -30.0
 0.155349682586  30.0

 0.155349682586  -30.0
 0.155349682586  30.0

 0.335162894477  -30.0
 0.335162894477  30.0

 0.335162894477  -30.0
 0.335162894477  30.0

 0.495992720493  -30.0
 0.495992720493  30.0

 0.495992720493  -30.0
 0.495992720493  30.0

 0.576407633501  -30.0
 0.576407633501  30.0

 0.576407633501  -30.0
 0.576407633501  30.0

 0.690131494094  -30.0
 0.690131494094  30.0

 0.690131494094  -30.0
 0.690131494094  30.0

 0.82941420911  -30.0
 0.82941420911  30.0

 0.82941420911  -30.0
 0.82941420911  30.0

 1.0  -30.0
 1.0  30.0

 0.0  -3.77643019
 0.00252532839598  -3.77437039
 0.00505065416562  -3.76819093
 0.00757597993525  -3.75789177
 0.0101013083312  -3.74347317
 0.0126266341009  -3.72493556
 0.0151519624968  -3.70227945
 0.0176772882665  -3.67550555
 0.0202026166625  -3.64461483
 0.0227279424321  -3.60960867
 0.0252532682017  -3.57048324
 0.0277785965977  -3.52725535
 0.0303039249937  -3.47991405
 0.0328292507633  -3.42846646
 0.035354576533  -3.37283029
 0.0378799049289  -3.31317228
 0.0404052306986  -3.24942063
 0.0429305590946  -3.18157966
 0.0454558874905  -3.10965625
 0.0479812132602  -3.03364648
 0.0505065390298  -2.95358491
 0.0530318647995  -2.86961067
 0.0555571931954  -2.78148747
 0.0580825215914  -2.68935553
 0.060607847361  -2.59324383
 0.063133175757  -2.49319074
 0.0656585015267  -2.3889155
 0.0681838272963  -2.28126561
 0.0707091556923  -2.16978106
 0.0732344840883  -2.05472866
 0.0757598098579  -1.93633093
 0.0782851356275  -1.81518597
 0.0808104640235  -1.69118485
 0.0833357897931  -1.56598079
 0.0858611181891  -1.4412302
 0.0883864439588  -1.3205376
 0.0909117723547  -1.21098886
 0.0934370981244  -1.12552907
 0.095962423894  -1.08318314
 0.09848775229  -1.10225395
 0.09848775229  -1.10225395
 0.0999457513192  -1.10157205
 0.101403750348  -1.09952633
 0.102861744829  -1.0961168
 0.104319743858  -1.09112014
 0.105777742887  -1.08498867
 0.107235741916  -1.07749317
 0.108693740946  -1.06863356
 0.110151739975  -1.05840977
 0.111609734455  -1.04682172
 0.113067733484  -1.03386938
 0.114525732513  -1.01955253
 0.115983731543  -1.00387104
 0.117441730572  -0.98682477
 0.118899725052  -0.96841357
 0.120357724081  -0.94863726
 0.12181572311  -0.92749572
 0.12327372214  -0.90498878
 0.124731721169  -0.88111615
 0.126189720198  -0.85615734
 0.127647714678  -0.82955339
 0.129105713708  -0.80156617
 0.130563712737  -0.77222651
 0.132021711766  -0.74152035
 0.133479710795  -0.70944739
 0.134937709824  -0.67600738
 0.136395704305  -0.64167355
 0.137853703334  -0.60552943
 0.139311702363  -0.56801875
 0.140769701392  -0.52914126
 0.142227700422  -0.48889667
 0.143685694902  -0.44728471
 0.145143693931  -0.40430509
 0.14660169296  -0.35995752
 0.148059691989  -0.31424169
 0.149517691019  -0.2671573
 0.150975690048  -0.21870404
 0.152433684528  -0.16888164
 0.153891683557  -0.11768978
 0.155349682587  -0.06513036
 0.155349682587  -0.06513036
 0.159960277468  -0.29164772
 0.164570873788  -0.67252868
 0.16918146867  -1.11123842
 0.173792063551  -1.56765089
 0.178402659152  -2.02714782
 0.183013254753  -2.48234977
 0.187623848196  -2.92985444
 0.192234443078  -3.36773629
 0.196845038679  -3.79482968
 0.20145563428  -4.21034449
 0.206066229161  -4.61406992
 0.210676824043  -5.00540674
 0.215287420363  -5.38345938
 0.219898015245  -5.74846618
 0.224508610126  -6.10022483
 0.229119206446  -6.43856954
 0.233729801328  -6.76358535
 0.238340396209  -7.07469461
 0.24295099181  -7.37200611
 0.247561585253  -7.65539381
 0.252172180854  -7.92481058
 0.256782775736  -8.18016338
 0.261393370617  -8.42135301
 0.266003966938  -8.64829853
 0.270614561819  -8.86092936
 0.275225156701  -9.05932532
 0.279835753021  -9.24315675
 0.284446347903  -9.41243005
 0.289056942784  -9.56728736
 0.293667538385  -9.70745626
 0.298278133986  -9.83310115
 0.302888728867  -9.94396311
 0.307499322311  -10.04010976
 0.312109917911  -10.12151157
 0.316720513512  -10.18812618
 0.321331108394  -10.23991845
 0.325941703275  -10.27693984
 0.330552299596  -10.29916832
 0.335162894477  -10.30657056
 0.335162894477  -10.30657056
 0.339286735263  -10.30064978
 0.343410579265  -10.28286794
 0.34753442005  -10.25322784
 0.351658260836  -10.21179214
 0.355782101621  -10.15845891
 0.359905945623  -10.09339569
 0.364029786409  -10.01644558
 0.368153627194  -9.92770447
 0.372277471196  -9.82719494
 0.376401311982  -9.7149431
 0.380525152767  -9.59080253
 0.384648993553  -9.4551591
 0.388772837555  -9.30786464
 0.39289667834  -9.14895658
 0.397020519126  -8.97847681
 0.401144363128  -8.79648965
 0.405268203913  -8.60302195
 0.409392044699  -8.3981234
 0.413515885484  -8.18184915
 0.417639729486  -7.95408583
 0.421763570272  -7.71528122
 0.425887411057  -7.46528743
 0.430011251843  -7.20419647
 0.434135095845  -6.93209775
 0.43825893663  -6.64909588
 0.442382777416  -6.35532912
 0.446506621418  -6.05091843
 0.450630462203  -5.73529558
 0.454754302989  -5.41012093
 0.458878143774  -5.07499916
 0.463001987776  -4.73036381
 0.467125828562  -4.37682117
 0.471249669347  -4.01529429
 0.475373513349  -3.64742239
 0.479497354135  -3.27629334
 0.48362119492  -2.90801684
 0.487745035706  -2.55760978
 0.491868879708  -2.26631623
 0.495992720493  -2.13841281
 0.495992720493  -2.13841281
 0.498054642494  -2.13705304
 0.500116561279  -2.13297369
 0.50217848328  -2.12612469
 0.504240405281  -2.11659159
 0.506302324065  -2.104337
 0.508364246066  -2.08936065
 0.510426164851  -2.0716623
 0.512488086852  -2.05124156
 0.514550008853  -2.02804956
 0.516611927637  -2.00217821
 0.518673849638  -1.97358295
 0.520735771639  -1.94220441
 0.522797690424  -1.90814953
 0.524859612425  -1.87136839
 0.526921534426  -1.83186032
 0.52898345321  -1.78962464
 0.531045375211  -1.74466091
 0.533107297212  -1.6969704
 0.535169215997  -1.64655002
 0.537231137998  -1.59339901
 0.539293056782  -1.53751627
 0.541354978783  -1.47890082
 0.543416900784  -1.4175516
 0.545478819569  -1.35346756
 0.54754074157  -1.28664759
 0.549602663571  -1.21709053
 0.551664582355  -1.14479523
 0.553726504356  -1.06976049
 0.555788426357  -0.99245453
 0.557850345142  -0.91198357
 0.559912267143  -0.82922099
 0.561974189144  -0.74330896
 0.564036107928  -0.65465652
 0.566098029929  -0.5632625
 0.568159948714  -0.46912572
 0.570221870715  -0.37224508
 0.572283792716  -0.27261937
 0.5743457115  -0.17024738
 0.576407633501  -0.06513036
 0.576407633501  -0.06513036
 0.57932363156  -0.10470098
 0.582239625069  -0.20793896
 0.585155623128  -0.34771597
 0.588071621186  -0.50513368
 0.590987614696  -0.67003698
 0.593903612754  -0.83735775
 0.596819606263  -1.00379811
 0.599735604322  -1.16743684
 0.60265160238  -1.32841972
 0.60556759589  -1.4853782
 0.608483593948  -1.63798238
 0.611399592007  -1.78578019
 0.614315585516  -1.92891427
 0.617231583574  -2.0670545
 0.620147581633  -2.20009197
 0.623063575142  -2.32794462
 0.625979573201  -2.45054965
 0.628895571259  -2.56803178
 0.631811564769  -2.6799931
 0.634727562827  -2.78659023
 0.637643556336  -2.88779891
 0.640559554395  -2.98347945
 0.643475552453  -3.07387795
 0.646391545963  -3.15883796
 0.649307544021  -3.23834914
 0.65222354208  -3.31255846
 0.655139535589  -3.38113226
 0.658055533648  -3.44423116
 0.660971531706  -3.5018598
 0.663887525215  -3.55402072
 0.666803523274  -3.60068685
 0.669719521332  -3.64186892
 0.672635514842  -3.6775647
 0.6755515129  -3.7077715
 0.67846750641  -3.73248767
 0.681383504468  -3.75171224
 0.684299502526  -3.76544445
 0.687215496036  -3.77368381
 0.690131494094  -3.77643019
 0.690131494094  -3.77643019
 0.693702844976  -4.0283303
 0.697274198643  -4.34312814
 0.700845549524  -4.65538614
 0.704416900406  -4.95886624
 0.707988251287  -5.2547112
 0.711559604954  -5.54269018
 0.715130955835  -5.82267176
 0.718702306717  -6.0945739
 0.722273660384  -6.35828859
 0.725845011265  -6.6138586
 0.729416362147  -6.86120115
 0.732987713028  -7.10026071
 0.736559066695  -7.33099159
 0.740130417576  -7.55335382
 0.743701768458  -7.76730981
 0.747273122125  -7.97282482
 0.750844473006  -8.16988147
 0.754415823887  -8.35842721
 0.757987174769  -8.53842892
 0.761558528436  -8.71002989
 0.765129879317  -8.87285017
 0.768701230199  -9.02704208
 0.77227258108  -9.17258636
 0.775843934747  -9.30944321
 0.779415285628  -9.43758742
 0.78298663651  -9.55699548
 0.786557990177  -9.66764647
 0.790129341058  -9.76952971
 0.79370069194  -9.86267933
 0.797272042821  -9.94694356
 0.800843396488  -10.02237812
 0.804414747369  -10.08896924
 0.807986098251  -10.14662088
 0.811557451918  -10.19549989
 0.815128802799  -10.23546462
 0.818700153681  -10.26656581
 0.822271504562  -10.28879581
 0.825842858229  -10.30213116
 0.82941420911  -10.30657056
 0.82941420911  -10.30657056
 0.833788203924  -10.29990906
 0.838162198737  -10.27990394
 0.84253619355  -10.24655925
 0.846910188363  -10.1999786
 0.851284183176  -10.13999026
 0.855658177989  -10.06677373
 0.860032170528  -9.98022253
 0.864406165341  -9.88041727
 0.868780160154  -9.76738666
 0.873154154968  -9.64097364
 0.877528149781  -9.50159665
 0.881902144594  -9.34911531
 0.886276139407  -9.18353571
 0.89065013422  -9.00485025
 0.895024129033  -8.8132699
 0.899398123846  -8.60875904
 0.90377211866  -8.39136955
 0.908146113473  -8.16115962
 0.912520108286  -7.9181963
 0.916894100825  -7.66258956
 0.921268095638  -7.39433548
 0.925642090451  -7.11353004
 0.930016085264  -6.82025066
 0.934390080077  -6.5145622
 0.93876407489  -6.19617383
 0.943138069703  -5.86597473
 0.947512064517  -5.52365838
 0.95188605933  -5.16933307
 0.956260054143  -4.80251987
 0.960634048956  -4.42452348
 0.965008043769  -4.03533691
 0.969382038582  -3.63438589
 0.973756031121  -3.22224214
 0.978130025934  -2.79921617
 0.982504020747  -2.36571363
 0.986878015561  -1.92241084
 0.991252010374  -1.47053093
 0.995626005187  -1.01307363
 1.0  -1.10225395
 1.0  -0.56042884
 0.995626005187  -0.93656998
 0.991252010374  -0.75855963
 0.986878015561  -0.56821194
 0.982504020747  -0.36551617
 0.978130025934  -0.15061644
 0.973756031121  0.07676317
 0.969382038582  0.31651376
 0.965008043769  0.56864305
 0.960634048956  0.83340112
 0.956260054143  1.1103184
 0.95188605933  1.39947771
 0.947512064517  1.70116824
 0.943138069703  2.01525452
 0.93876407489  2.34173195
 0.934390080077  2.68059116
 0.930016085264  3.03130994
 0.925642090451  3.3948334
 0.921268095638  3.77067008
 0.916894100825  4.15878668
 0.912520108286  4.55913385
 0.908146113473  4.9716478
 0.90377211866  5.39624545
 0.899398123846  5.8328203
 0.895024129033  6.28122874
 0.89065013422  6.74129976
 0.886276139407  7.20981093
 0.881902144594  7.69218294
 0.877528149781  8.18581255
 0.873154154968  8.68919041
 0.868780160154  9.19855362
 0.864406165341  9.71948964
 0.860032170528  10.24744275
 0.855658177989  10.78026294
 0.851284183176  11.31500195
 0.846910188363  11.84526072
 0.84253619355  12.371788
 0.838162198737  12.85260289
 0.833788203924  13.24459851
 0.82941420911  13.41543688
 0.82941420911  13.41543642
 0.825842858229  13.27253717
 0.822271504562  12.93151858
 0.818700153681  12.49927975
 0.815128802799  12.01815277
 0.811557451918  11.51928083
 0.807986098251  11.01006435
 0.804414747369  10.49388104
 0.800843396488  9.97497581
 0.797272042821  9.45534772
 0.79370069194  8.9366278
 0.790129341058  8.42218013
 0.786557990177  7.90826162
 0.78298663651  7.39812796
 0.779415285628  6.89233366
 0.775843934747  6.39132233
 0.77227258108  5.89545985
 0.768701230199  5.40506814
 0.765129879317  4.9204112
 0.761558528436  4.44171497
 0.757987174769  3.96919377
 0.754415823887  3.50297194
 0.750844473006  3.04322025
 0.747273122125  2.59008152
 0.743701768458  2.14367739
 0.740130417576  1.70411752
 0.736559066695  1.27150186
 0.732987713028  0.84590795
 0.729416362147  0.42743468
 0.725845011265  0.0161674
 0.722273660384  -0.3878157
 0.718702306717  -0.78478463
 0.715130955835  -1.17395135
 0.711559604954  -1.55561316
 0.707988251287  -1.92965326
 0.704416900406  -2.29593439
 0.700845549524  -2.65421591
 0.697274198643  -3.00270979
 0.693702844976  -3.3410188
 0.690131494094  -3.60076041
 0.690131494094  -3.60076041
 0.687215496036  -3.59785924
 0.684299502526  -3.58915717
 0.681383504468  -3.5746574
 0.67846750641  -3.55436546
 0.6755515129  -3.52828918
 0.672635514842  -3.49685719
 0.669719521332  -3.45924692
 0.666803523274  -3.41589121
 0.663887525215  -3.36680859
 0.660971531706  -3.31192517
 0.658055533648  -3.25146466
 0.655139535589  -3.18702606
 0.65222354208  -3.11527834
 0.649307544021  -3.03769264
 0.646391545963  -2.95481417
 0.643475552453  -2.86643671
 0.640559554395  -2.7726139
 0.637643556336  -2.67345906
 0.634727562827  -2.56894089
 0.631811564769  -2.45919145
 0.628895571259  -2.34430644
 0.625979573201  -2.22439515
 0.623063575142  -2.09959949
 0.620147581633  -1.970081
 0.617231583574  -1.83604052
 0.614315585516  -1.69772844
 0.611399592007  -1.55546131
 0.608483593948  -1.40967108
 0.60556759589  -1.26084527
 0.60265160238  -1.10972544
 0.599735604322  -0.95729258
 0.596819606263  -0.80494391
 0.593903612754  -0.65460287
 0.590987614696  -0.50912241
 0.588071621186  -0.37266765
 0.585155623128  -0.2512425
 0.582239625069  -0.15307571
 0.57932363156  -0.08805565
 0.576407633501  -0.06512596
 0.576407633501  -0.06512596
 0.5743457115  0.04273962
 0.572283792716  0.15335713
 0.570221870715  0.26672548
 0.568159948714  0.38284576
 0.566098029929  0.50171898
 0.564036107928  0.62334345
 0.561974189144  0.60197833
 0.559912267143  0.52325843
 0.557850345142  0.4450225
 0.555788426357  0.36785249
 0.553726504356  0.29220651
 0.551664582355  0.21829301
 0.549602663571  0.14637674
 0.54754074157  0.07662254
 0.545478819569  0.00915724
 0.543416900784  -0.05591978
 0.541354978783  -0.11852942
 0.539293056782  -0.17860725
 0.537231137998  -0.23610019
 0.535169215997  -0.29096427
 0.533107297212  -0.34316256
 0.531045375211  -0.39266394
 0.52898345321  -0.43944344
 0.526921534426  -0.48347602
 0.524859612425  -0.52474133
 0.522797690424  -0.56322204
 0.520735771639  -0.59890301
 0.518673849638  -0.63180055
 0.516611927637  -0.66184255
 0.514550008853  -0.68904981
 0.512488086852  -0.71460182
 0.510426164851  -0.7361192
 0.508364246066  -0.75477912
 0.506302324065  -0.77057595
 0.504240405281  -0.78350503
 0.50217848328  -0.79356247
 0.500116561279  -0.80171314
 0.498054642494  -0.80626425
 0.495992720493  -0.80770333
 0.495992720493  -0.80770333
 0.491868879708  -0.66948605
 0.487745035706  -0.34538078
 0.48362119492  0.05659148
 0.479497354135  0.49706566
 0.475373513349  0.96221703
 0.471249669347  1.44352311
 0.467125828562  1.93906216
 0.463001987776  2.44722696
 0.458878143774  2.96699999
 0.454754302989  3.49775483
 0.450630462203  4.03903338
 0.446506621418  4.58727938
 0.442382777416  5.14823395
 0.43825893663  5.71879326
 0.434135095845  6.2987206
 0.430011251843  6.88777835
 0.425887411057  7.48570699
 0.421763570272  7.9499181
 0.417639729486  8.15114774
 0.413515885484  8.34615935
 0.409392044699  8.55394162
 0.405268203913  8.77178594
 0.401144363128  8.99965181
 0.397020519126  9.23747819
 0.39289667834  9.48520208
 0.388772837555  9.74273582
 0.384648993553  10.00995916
 0.380525152767  10.28671093
 0.376401311982  10.56916557
 0.372277471196  10.86378897
 0.368153627194  11.1669053
 0.364029786409  11.47782878
 0.359905945623  11.79547822
 0.355782101621  12.1241464
 0.351658260836  12.44891987
 0.34753442005  12.77087393
 0.343410579265  13.07094893
 0.339286735263  13.31322267
 0.335162894477  13.41543641
 0.335162894477  13.41543642
 0.330552299596  13.24341185
 0.325941703275  12.85187645
 0.321331108394  12.3735358
 0.316720513512  11.85402378
 0.312109917911  11.32992735
 0.307499322311  10.80383327
 0.302888728867  10.28049903
 0.298278133986  9.76328511
 0.293667538385  9.25602154
 0.289056942784  8.75661818
 0.284446347903  8.26950503
 0.279835753021  7.79135464
 0.275225156701  7.32619887
 0.270614561819  6.8764688
 0.266003966938  6.43626354
 0.261393370617  6.00907466
 0.256782775736  5.59506681
 0.252172180854  5.19438879
 0.247561585253  4.80714786
 0.24295099181  4.43342698
 0.238340396209  4.07328996
 0.233729801328  3.72678565
 0.229119206446  3.39395069
 0.224508610126  3.07480957
 0.219898015245  2.76937595
 0.215287420363  2.47767125
 0.210676824043  2.19970394
 0.206066229161  1.93569275
 0.20145563428  1.68519134
 0.196845038679  1.44842387
 0.192234443078  1.22539317
 0.187623848196  1.01610183
 0.183013254753  0.82053826
 0.178402659152  0.6387078
 0.173792063551  0.4706648
 0.16918146867  0.3159328
 0.164570873788  0.17522236
 0.159960277468  0.04820483
 0.155349682587  -0.06512596
 0.155349682587  -0.06512596
 0.153891683557  -0.01992229
 0.152433684528  0.00972604
 0.150975690048  0.02542253
 0.149517691019  0.02945149
 0.148059691989  0.02424739
 0.14660169296  0.01203247
 0.145143693931  -0.00534555
 0.143685694902  -0.02642733
 0.142227700422  -0.05009136
 0.140769701392  -0.07548566
 0.139311702363  -0.10196423
 0.137853703334  -0.12903544
 0.136395704305  -0.15633239
 0.134937709824  -0.18323921
 0.133479710795  -0.21015838
 0.132021711766  -0.23659503
 0.130563712737  -0.26240621
 0.129105713708  -0.28747719
 0.127647714678  -0.31187762
 0.126189720198  -0.33520994
 0.124731721169  -0.35738287
 0.12327372214  -0.37871661
 0.12181572311  -0.39898323
 0.120357724081  -0.41814657
 0.118899725052  -0.43617615
 0.117441730572  -0.45304615
 0.115983731543  -0.46873472
 0.114525732513  -0.48322331
 0.113067733484  -0.49649612
 0.111609734455  -0.50853975
 0.110151739975  -0.51934293
 0.108693740946  -0.52889597
 0.107235741916  -0.53719075
 0.105777742887  -0.54422071
 0.104319743858  -0.5499803
 0.102861744829  -0.55466236
 0.101403750348  -0.55786519
 0.0999457513192  -0.55978781
 0.09848775229  -0.56042884
 0.09848775229  -0.56042884
 0.095962423894  -0.70277863
 0.0934370981244  -0.8365802
 0.0909117723547  -0.96423937
 0.0883864439588  -1.08928741
 0.0858611181891  -1.21386658
 0.0833357897931  -1.33834372
 0.0808104640235  -1.46223612
 0.0782851356275  -1.58487601
 0.0757598098579  -1.70562801
 0.0732344840883  -1.8240472
 0.0707091556923  -1.93901713
 0.0681838272963  -2.0516469
 0.0656585015267  -2.16099546
 0.063133175757  -2.26708779
 0.060607847361  -2.36942298
 0.0580825215914  -2.4680529
 0.0555571931954  -2.56288286
 0.0530318647995  -2.65383476
 0.0505065390298  -2.74079079
 0.0479812132602  -2.82380069
 0.0454558874905  -2.90290361
 0.0429305590946  -2.9777765
 0.0404052306986  -3.04852294
 0.0378799049289  -3.11511106
 0.035354576533  -3.17751436
 0.0328292507633  -3.23583592
 0.0303039249937  -3.28979534
 0.0277785965977  -3.33950221
 0.0252532682017  -3.3844988
 0.0227279424321  -3.42570174
 0.0202026166625  -3.46256048
 0.0176772882665  -3.49426823
 0.0151519624968  -3.52249644
 0.0126266341009  -3.54639604
 0.0101013083312  -3.56595982
 0.00757597993525  -3.58118188
 0.00505065416562  -3.5920578
 0.00252532839598  -3.59858449
 0.0  -3.60076041
 0.0  12.06422908
 0.00252532839598  11.91922358
 0.00505065416562  11.67293883
 0.00757597993525  11.3905801
 0.0101013083312  11.08448142
 0.0126266341009  10.76163977
 0.0151519624968  10.42697744
 0.0176772882665  10.08409039
 0.0202026166625  9.73513479
 0.0227279424321  9.38309446
 0.0252532682017  9.03201449
 0.0277785965977  8.67652899
 0.0303039249937  8.32123096
 0.0328292507633  7.96659668
 0.035354576533  7.61321035
 0.0378799049289  7.2614589
 0.0404052306986  6.9117424
 0.0429305590946  6.56435997
 0.0454558874905  6.21957838
 0.0479812132602  5.87765805
 0.0505065390298  5.53874017
 0.0530318647995  5.20303911
 0.0555571931954  4.87074079
 0.0580825215914  4.54201472
 0.060607847361  4.2170393
 0.063133175757  3.89600224
 0.0656585015267  3.58052613
 0.0681838272963  3.26786695
 0.0707091556923  2.96005425
 0.0732344840883  2.65732894
 0.0757598098579  2.36034391
 0.0782851356275  2.06870748
 0.0808104640235  1.78570279
 0.0833357897931  1.51180605
 0.0858611181891  1.24956691
 0.0883864439588  1.003081
 0.0909117723547  0.77906114
 0.0934370981244  0.58831605
 0.095962423894  0.44633281
 0.09848775229  0.36899984
 0.09848775229  0.36899984
 0.0999457513192  0.36967841
 0.101403750348  0.37171361
 0.102861744829  0.37510402
 0.104319743858  0.37994472
 0.105777742887  0.38603637
 0.107235741916  0.39347328
 0.108693740946  0.40224987
 0.110151739975  0.41235971
 0.111609734455  0.42379463
 0.113067733484  0.43654493
 0.114525732513  0.45059953
 0.115983731543  0.46594534
 0.117441730572  0.4825668
 0.118899725052  0.50044575
 0.120357724081  0.51956078
 0.12181572311  0.53988655
 0.12327372214  0.56139322
 0.124731721169  0.58404533
 0.126189720198  0.60747126
 0.127647714678  0.63227976
 0.129105713708  0.65829107
 0.130563712737  0.68500178
 0.132021711766  0.71253273
 0.133479710795  0.74076744
 0.134937709824  0.76955901
 0.136395704305  0.79847213
 0.137853703334  0.82802527
 0.139311702363  0.85713519
 0.140769701392  0.88566498
 0.142227700422  0.91309076
 0.143685694902  0.9387351
 0.145143693931  0.96174252
 0.14660169296  0.98108926
 0.148059691989  0.99568493
 0.149517691019  1.00465173
 0.150975690048  1.0078305
 0.152433684528  1.00636272
 0.153891683557  1.00288644
 0.155349682587  1.00094292
 0.155349682587  1.00094292
 0.159960277468  1.08180073
 0.164570873788  1.27395701
 0.16918146867  1.50343821
 0.173792063551  1.7375441
 0.178402659152  1.96458685
 0.183013254753  2.18857819
 0.187623848196  2.41379587
 0.192234443078  2.64392594
 0.196845038679  2.88176709
 0.20145563428  3.1288117
 0.206066229161  3.3861608
 0.210676824043  3.65395664
 0.215287420363  3.93285441
 0.219898015245  4.22272769
 0.224508610126  4.52352434
 0.229119206446  4.83509832
 0.233729801328  5.15720173
 0.238340396209  5.48966686
 0.24295099181  5.8321627
 0.247561585253  6.18443094
 0.252172180854  6.54595639
 0.256782775736  6.91637054
 0.261393370617  7.29520392
 0.266003966938  7.68192429
 0.270614561819  8.07598019
 0.275225156701  8.47534822
 0.279835753021  8.8819933
 0.284446347903  9.29635915
 0.289056942784  9.71103285
 0.293667538385  10.13060206
 0.298278133986  10.55054018
 0.302888728867  10.97287056
 0.307499322311  11.39426824
 0.312109917911  11.8122761
 0.316720513512  12.22334655
 0.321331108394  12.62489146
 0.325941703275  12.9926555
 0.330552299596  13.28878659
 0.335162894477  13.41543996
 0.335162894477  13.41543996
 0.339286735263  13.31322404
 0.343410579265  13.07095611
 0.34753442005  12.77088531
 0.351658260836  12.44893415
 0.355782101621  12.12416257
 0.359905945623  11.79549303
 0.364029786409  11.47784496
 0.368153627194  11.16692256
 0.372277471196  10.86380713
 0.376401311982  10.5691845
 0.380525152767  10.28673053
 0.384648993553  10.00997935
 0.388772837555  9.74275654
 0.39289667834  9.48522327
 0.397020519126  9.23749981
 0.401144363128  8.99967383
 0.405268203913  8.77180833
 0.409392044699  8.55396437
 0.413515885484  8.34618241
 0.417639729486  8.1511726
 0.421763570272  7.96320255
 0.425887411057  7.7473044
 0.430011251843  7.55592704
 0.434135095845  7.37586801
 0.43825893663  7.20719625
 0.442382777416  7.04996996
 0.446506621418  6.90423846
 0.450630462203  6.77004367
 0.454754302989  6.64742122
 0.458878143774  6.53640144
 0.463001987776  6.43701005
 0.467125828562  6.3492688
 0.471249669347  6.27319596
 0.475373513349  6.20880667
 0.479497354135  6.15611331
 0.48362119492  6.11512569
 0.487745035706  6.08585131
 0.491868879708  6.06716513
 0.495992720493  6.06130439
 0.495992720493  6.06130439
 0.498054642494  5.94162739
 0.500116561279  5.74879264
 0.50217848328  5.54788847
 0.504240405281  5.34636319
 0.506302324065  5.1463663
 0.508364246066  4.94850819
 0.510426164851  4.75305596
 0.512488086852  4.56014485
 0.514550008853  4.3709292
 0.516611927637  4.18326197
 0.518673849638  3.99828816
 0.520735771639  3.81602735
 0.522797690424  3.63649313
 0.524859612425  3.4596952
 0.526921534426  3.28564051
 0.52898345321  3.1143331
 0.531045375211  2.94577326
 0.533107297212  2.77996858
 0.535169215997  2.61692119
 0.537231137998  2.45663275
 0.539293056782  2.29910436
 0.541354978783  2.14433677
 0.543416900784  1.99233039
 0.545478819569  1.84308531
 0.54754074157  1.6966016
 0.549602663571  1.55287903
 0.551664582355  1.41191728
 0.553726504356  1.27371587
 0.555788426357  1.13766635
 0.557850345142  1.00500852
 0.559912267143  0.87485371
 0.561974189144  0.74772055
 0.564036107928  0.68031012
 0.566098029929  0.75694739
 0.568159948714  0.82987912
 0.570221870715  0.89599699
 0.572283792716  0.95065719
 0.5743457115  0.98768745
 0.576407633501  1.00094292
 0.576407633501  1.00094292
 0.57932363156  1.0460638
 0.582239625069  1.16594004
 0.585155623128  1.33344275
 0.588071621186  1.52966355
 0.590987614696  1.7444458
 0.593903612754  1.97254596
 0.596819606263  2.210988
 0.599735604322  2.46012985
 0.60265160238  2.71347126
 0.60556759589  2.97538615
 0.608483593948  3.24391216
 0.611399592007  3.51886366
 0.614315585516  3.79974115
 0.617231583574  4.08647047
 0.620147581633  4.37889824
 0.623063575142  4.67688267
 0.625979573201  4.98029044
 0.628895571259  5.2884535
 0.631811564769  5.60227406
 0.634727562827  5.921101
 0.637643556336  6.24477102
 0.640559554395  6.57314298
 0.643475552453  6.90590392
 0.646391545963  7.24284734
 0.649307544021  7.58366449
 0.65222354208  7.92795142
 0.655139535589  8.27528815
 0.658055533648  8.62525117
 0.660971531706  8.97674575
 0.663887525215  9.32479105
 0.666803523274  9.6762338
 0.669719521332  10.025589
 0.672635514842  10.3707818
 0.6755515129  10.70945135
 0.67846750641  11.03730251
 0.681383504468  11.35005832
 0.684299502526  11.63799938
 0.687215496036  11.89494881
 0.690131494094  12.06422908
 0.690131494094  12.06422908
 0.693702844976  12.02563438
 0.697274198643  11.95382035
 0.700845549524  11.87888526
 0.704416900406  11.80872152
 0.707988251287  11.74469407
 0.711559604954  11.68748722
 0.715130955835  11.63740485
 0.718702306717  11.59459948
 0.722273660384  11.5592039
 0.725845011265  11.53118697
 0.729416362147  11.51060446
 0.732987713028  11.49746893
 0.736559066695  11.49178397
 0.740130417576  11.49354678
 0.743701768458  11.50274929
 0.747273122125  11.51937878
 0.750844473006  11.54341746
 0.754415823887  11.57484345
 0.757987174769  11.61362842
 0.761558528436  11.65415749
 0.765129879317  11.70714481
 0.768701230199  11.76733264
 0.77227258108  11.83465192
 0.775843934747  11.9090154
 0.779415285628  11.99031216
 0.78298663651  12.07839959
 0.786557990177  12.1730907
 0.790129341058  12.27413392
 0.79370069194  12.38869023
 0.797272042821  12.50147924
 0.800843396488  12.61920248
 0.804414747369  12.74091396
 0.807986098251  12.86844653
 0.811557451918  12.99326704
 0.815128802799  13.11515851
 0.818700153681  13.22847542
 0.822271504562  13.32458358
 0.825842858229  13.39122544
 0.82941420911  13.41543996
 0.82941420911  13.41543996
 0.833788203924  13.30002898
 0.838162198737  13.02236482
 0.84253619355  12.66900646
 0.846910188363  12.27552891
 0.851284183176  11.8672632
 0.855658177989  11.44442494
 0.860032170528  11.01728182
 0.864406165341  10.58597701
 0.868780160154  10.15272131
 0.873154154968  9.72226469
 0.877528149781  9.28954183
 0.881902144594  8.85879498
 0.886276139407  8.43206157
 0.89065013422  8.01027651
 0.895024129033  7.5932251
 0.899398123846  7.18214293
 0.90377211866  6.77766691
 0.908146113473  6.38038278
 0.912520108286  5.99080936
 0.916894100825  5.60935608
 0.921268095638  5.23658667
 0.925642090451  4.87280554
 0.930016085264  4.51836435
 0.934390080077  4.17397987
 0.93876407489  3.83927309
 0.943138069703  3.51465305
 0.947512064517  3.20056816
 0.95188605933  2.8972644
 0.956260054143  2.60503092
 0.960634048956  2.32396292
 0.965008043769  2.05433887
 0.969382038582  1.79641141
 0.973756031121  1.55042722
 0.978130025934  1.31667908
 0.982504020747  1.09555419
 0.986878015561  0.88765858
 0.991252010374  0.69414181
 0.995626005187  0.51785734
 1.0  0.36899984
 1.0  7.2906577
 0.995626005187  7.44605298
 0.991252010374  7.6130099
 0.986878015561  7.79153199
 0.982504020747  7.98162044
 0.978130025934  8.18078397
 0.973756031121  8.39367449
 0.969382038582  8.61808793
 0.965008043769  8.85400689
 0.960634048956  9.10213178
 0.956260054143  9.36103027
 0.95188605933  9.63132234
 0.947512064517  9.91294145
 0.943138069703  10.2057993
 0.93876407489  10.50977722
 0.934390080077  10.82373649
 0.930016085264  11.14548578
 0.925642090451  11.48125266
 0.921268095638  11.82705495
 0.916894100825  12.18231082
 0.912520108286  12.5461469
 0.908146113473  12.91724872
 0.90377211866  13.29347026
 0.899398123846  13.67109857
 0.895024129033  14.04325058
 0.89065013422  14.39632092
 0.886276139407  14.50998449
 0.881902144594  14.34809509
 0.877528149781  14.19906403
 0.873154154968  14.06291801
 0.868780160154  13.93844714
 0.864406165341  13.82811031
 0.860032170528  13.73072039
 0.855658177989  13.64629307
 0.851284183176  13.57716125
 0.846910188363  13.51865115
 0.84253619355  13.47400012
 0.838162198737  13.44146828
 0.833788203924  13.42194728
 0.82941420911  13.41544401
 0.82941420911  13.41543997
 0.825842858229  13.39122544
 0.822271504562  13.32458359
 0.818700153681  13.22847542
 0.815128802799  13.11515851
 0.811557451918  12.99326704
 0.807986098251  12.86844662
 0.804414747369  12.74091397
 0.800843396488  12.61920248
 0.797272042821  12.50147924
 0.79370069194  12.38869023
 0.790129341058  12.27413392
 0.786557990177  12.1730907
 0.78298663651  12.07839959
 0.779415285628  11.99031216
 0.775843934747  11.9090154
 0.77227258108  11.83465192
 0.768701230199  11.76733264
 0.765129879317  11.70714481
 0.761558528436  11.65415749
 0.757987174769  11.61362842
 0.754415823887  11.57484345
 0.750844473006  11.54341746
 0.747273122125  11.51937878
 0.743701768458  11.50274929
 0.740130417576  11.49354678
 0.736559066695  11.49178397
 0.732987713028  11.49746894
 0.729416362147  11.51060446
 0.725845011265  11.53118697
 0.722273660384  11.5592039
 0.718702306717  11.59459948
 0.715130955835  11.63740485
 0.711559604954  11.68748722
 0.707988251287  11.74469407
 0.704416900406  11.80872153
 0.700845549524  11.87888526
 0.697274198643  11.95382035
 0.693702844976  12.02563438
 0.690131494094  12.06422909
 0.690131494094  12.06422908
 0.687215496036  11.90165915
 0.684299502526  11.64158821
 0.681383504468  11.35930543
 0.67846750641  11.06641181
 0.6755515129  10.76309916
 0.672635514842  10.45208513
 0.669719521332  10.13564362
 0.666803523274  9.81550255
 0.663887525215  9.49306721
 0.660971531706  9.17156222
 0.658055533648  8.84766121
 0.655139535589  8.52253402
 0.65222354208  8.2004795
 0.649307544021  7.88022677
 0.646391545963  7.56217556
 0.643475552453  7.24674953
 0.640559554395  6.93429006
 0.637643556336  6.62509466
 0.634727562827  6.31945749
 0.631811564769  6.01763959
 0.628895571259  5.71989085
 0.625979573201  5.42712386
 0.623063575142  5.13818984
 0.620147581633  4.85409543
 0.617231583574  4.57512793
 0.614315585516  4.30161405
 0.611399592007  4.03392472
 0.608483593948  3.77233449
 0.60556759589  3.51784633
 0.60265160238  3.27101029
 0.599735604322  3.03299615
 0.596819606263  2.80456064
 0.593903612754  2.58853501
 0.590987614696  2.38747735
 0.588071621186  2.20549186
 0.585155623128  2.04864097
 0.582239625069  1.92515513
 0.57932363156  1.84493906
 0.576407633501  1.81694788
 0.576407633501  1.81694788
 0.5743457115  1.83274766
 0.572283792716  1.87740838
 0.570221870715  1.94478065
 0.568159948714  2.02868248
 0.566098029929  2.12445703
 0.564036107928  2.22897537
 0.561974189144  2.34020492
 0.559912267143  2.45681523
 0.557850345142  2.57804078
 0.555788426357  2.7029739
 0.553726504356  2.83132825
 0.551664582355  2.96270728
 0.549602663571  3.09685727
 0.54754074157  3.23354376
 0.545478819569  3.3725596
 0.543416900784  3.51371222
 0.541354978783  3.6568137
 0.539293056782  3.80167345
 0.537231137998  3.94809116
 0.535169215997  4.09584977
 0.533107297212  4.24470804
 0.531045375211  4.3943936
 0.52898345321  4.54459222
 0.526921534426  4.69493235
 0.524859612425  4.84498732
 0.522797690424  4.9942448
 0.520735771639  5.14208635
 0.518673849638  5.28774426
 0.516611927637  5.43035512
 0.514550008853  5.56880093
 0.512488086852  5.70159079
 0.510426164851  5.82746094
 0.508364246066  5.94430094
 0.506302324065  6.04987174
 0.504240405281  6.14165396
 0.50217848328  6.21696023
 0.500116561279  6.27305082
 0.498054642494  6.30776226
 0.495992720493  6.31952014
 0.495992720493  6.31952014
 0.491868879708  6.32458507
 0.487745035706  6.33983965
 0.48362119492  6.36513127
 0.479497354135  6.40057421
 0.475373513349  6.44616983
 0.471249669347  6.50191952
 0.467125828562  6.56782586
 0.463001987776  6.64391582
 0.458878143774  6.73017068
 0.454754302989  6.82660134
 0.450630462203  6.93321122
 0.446506621418  7.04937414
 0.442382777416  7.17624779
 0.43825893663  7.31329652
 0.434135095845  7.46051993
 0.430011251843  7.61791534
 0.425887411057  7.78547874
 0.421763570272  7.96322747
 0.417639729486  8.1677607
 0.413515885484  8.38556475
 0.409392044699  8.62100616
 0.405268203913  8.86713087
 0.401144363128  9.12371984
 0.397020519126  9.39050007
 0.39289667834  9.66712734
 0.388772837555  9.95316215
 0.384648993553  10.24803541
 0.380525152767  10.55099865
 0.376401311982  10.86020313
 0.372277471196  11.17588416
 0.368153627194  11.49536918
 0.364029786409  11.81595462
 0.359905945623  12.13371917
 0.355782101621  12.45563967
 0.351658260836  12.74743986
 0.34753442005  13.00928499
 0.343410579265  13.2225723
 0.339286735263  13.36497294
 0.335162894477  13.41544012
 0.335162894477  13.41544001
 0.330552299596  13.40392015
 0.325941703275  13.37089886
 0.321331108394  13.32018875
 0.316720513512  13.25616009
 0.312109917911  13.18583857
 0.307499322311  13.11373546
 0.302888728867  13.04290546
 0.298278133986  12.97617399
 0.293667538385  12.91587797
 0.289056942784  12.86318337
 0.284446347903  12.82023276
 0.279835753021  12.77602198
 0.275225156701  12.75308813
 0.270614561819  12.72238074
 0.266003966938  12.12980582
 0.261393370617  11.53809994
 0.256782775736  10.95175053
 0.252172180854  10.37298836
 0.247561585253  9.80312729
 0.24295099181  9.24301869
 0.238340396209  8.69336249
 0.233729801328  8.15467651
 0.229119206446  7.62799468
 0.224508610126  7.11250198
 0.219898015245  6.60928875
 0.215287420363  6.11880815
 0.210676824043  5.64158949
 0.206066229161  5.17936865
 0.20145563428  4.73061425
 0.196845038679  4.29788279
 0.192234443078  3.88261753
 0.187623848196  3.4874853
 0.183013254753  3.11644168
 0.178402659152  2.7756906
 0.173792063551  2.47343213
 0.16918146867  2.21829308
 0.164570873788  2.01711249
 0.159960277468  1.87580351
 0.155349682587  1.81694788
 0.155349682587  1.81694788
 0.153891683557  1.8250095
 0.152433684528  1.85102292
 0.150975690048  1.89692093
 0.149517691019  1.96305216
 0.148059691989  2.04811419
 0.14660169296  2.14972601
 0.145143693931  2.26515517
 0.143685694902  2.3918438
 0.142227700422  2.527637
 0.140769701392  2.67081601
 0.139311702363  2.82004426
 0.137853703334  2.97429079
 0.136395704305  3.13222415
 0.134937709824  3.2950631
 0.133479710795  3.46022422
 0.132021711766  3.62809922
 0.130563712737  3.7983646
 0.129105713708  3.97074939
 0.127647714678  4.1449154
 0.126189720198  4.320854
 0.124731721169  4.49870985
 0.12327372214  4.67744038
 0.12181572311  4.85728448
 0.120357724081  5.03804522
 0.118899725052  5.21950535
 0.117441730572  5.40141463
 0.115983731543  5.58347271
 0.114525732513  5.76530595
 0.113067733484  5.9464336
 0.111609734455  6.12621776
 0.110151739975  6.3037859
 0.108693740946  6.4779138
 0.107235741916  6.64683641
 0.105777742887  6.80794586
 0.104319743858  6.95735958
 0.102861744829  7.08922692
 0.101403750348  7.19548471
 0.0999457513192  7.2658331
 0.09848775229  7.2906577
 0.09848775229  7.2906577
 0.095962423894  7.34244628
 0.0934370981244  7.39806974
 0.0909117723547  7.45752993
 0.0883864439588  7.52082889
 0.0858611181891  7.58796873
 0.0833357897931  7.65895162
 0.0808104640235  7.73377984
 0.0782851356275  7.81126705
 0.0757598098579  7.89370281
 0.0732344840883  7.97998677
 0.0707091556923  8.07033493
 0.0681838272963  8.16431942
 0.0656585015267  8.26217888
 0.063133175757  8.36353858
 0.060607847361  8.46905676
 0.0580825215914  8.57843721
 0.0555571931954  8.69168222
 0.0530318647995  8.80879386
 0.0505065390298  8.93013198
 0.0479812132602  9.05499989
 0.0454558874905  9.18054423
 0.0429305590946  9.31293839
 0.0404052306986  9.44920031
 0.0378799049289  9.58933067
 0.035354576533  9.73332953
 0.0328292507633  9.8811963
 0.0303039249937  10.03292901
 0.0277785965977  10.18852396
 0.0252532682017  10.34797496
 0.0227279424321  10.51127232
 0.0202026166625  10.67840005
 0.0176772882665  10.84967948
 0.0151519624968  11.02437522
 0.0126266341009  11.20274674
 0.0101013083312  11.3846288
 0.00757597993525  11.56963943
 0.00505065416562  11.75666356
 0.00252532839598  11.94065163
 0.0  12.06422908
 0.0  12.25928214
 0.00252532839598  12.35915455
 0.00505065416562  12.47240716
 0.00757597993525  12.5407832
 0.0101013083312  12.56270153
 0.0126266341009  12.54395114
 0.0151519624968  12.49234531
 0.0176772882665  12.41551322
 0.0202026166625  12.31812394
 0.0227279424321  12.20891446
 0.0252532682017  12.09117606
 0.0277785965977  11.96493023
 0.0303039249937  11.83486312
 0.0328292507633  11.70209695
 0.035354576533  11.56796692
 0.0378799049289  11.43339245
 0.0404052306986  11.29919186
 0.0429305590946  11.16598268
 0.0454558874905  11.03425934
 0.0479812132602  10.90701959
 0.0505065390298  10.77935223
 0.0530318647995  10.65337017
 0.0555571931954  10.53086753
 0.0580825215914  10.41126398
 0.060607847361  10.29471939
 0.063133175757  10.18136911
 0.0656585015267  10.07212208
 0.0681838272963  9.9654479
 0.0707091556923  9.86229917
 0.0732344840883  9.7621853
 0.0757598098579  9.66624132
 0.0782851356275  9.57227687
 0.0808104640235  9.48372363
 0.0833357897931  9.39894069
 0.0858611181891  9.31796037
 0.0883864439588  9.24080905
 0.0909117723547  9.16750732
 0.0934370981244  9.0980702
 0.095962423894  9.03250687
 0.09848775229  8.97082108
 0.09848775229  8.97082108
 0.0999457513192  8.99677113
 0.101403750348  9.07049586
 0.102861744829  9.18238057
 0.104319743858  9.32297955
 0.105777742887  9.48254135
 0.107235741916  9.65604822
 0.108693740946  9.83961362
 0.110151739975  10.03063479
 0.111609734455  10.22734516
 0.113067733484  10.42851832
 0.114525732513  10.63328807
 0.115983731543  10.84101868
 0.117441730572  11.05123279
 0.118899725052  11.2635616
 0.120357724081  11.47771169
 0.12181572311  11.69344228
 0.12327372214  11.91054923
 0.124731721169  12.12885363
 0.126189720198  12.34807443
 0.127647714678  12.56830445
 0.129105713708  12.78930637
 0.130563712737  13.01084875
 0.132021711766  13.23281948
 0.133479710795  13.4550486
 0.134937709824  13.67735836
 0.136395704305  13.89523851
 0.137853703334  14.11786025
 0.139311702363  14.33908268
 0.140769701392  14.55939003
 0.142227700422  14.77841533
 0.143685694902  14.99571844
 0.145143693931  15.21076631
 0.14660169296  15.42290768
 0.148059691989  15.63133948
 0.149517691019  15.83506142
 0.150975690048  16.03280461
 0.152433684528  16.22290523
 0.153891683557  16.40303103
 0.155349682587  16.56917453
 0.155349682587  16.56917469
 0.159960277468  16.26128021
 0.164570873788  15.96589352
 0.16918146867  15.68314828
 0.173792063551  15.41486145
 0.178402659152  15.15821966
 0.183013254753  14.91389758
 0.187623848196  14.68271375
 0.192234443078  14.46453943
 0.196845038679  14.25948955
 0.20145563428  14.06425845
 0.206066229161  13.88531505
 0.210676824043  13.71920728
 0.215287420363  13.56654781
 0.219898015245  13.42703053
 0.224508610126  13.3006328
 0.229119206446  13.18732111
 0.233729801328  13.08705164
 0.238340396209  12.99976777
 0.24295099181  12.92539822
 0.247561585253  12.86385455
 0.252172180854  12.81502718
 0.256782775736  12.77878117
 0.261393370617  12.75494978
 0.266003966938  12.74332435
 0.270614561819  12.74364479
 0.275225156701  13.30142042
 0.279835753021  13.83564383
 0.284446347903  14.21134213
 0.289056942784  14.37903381
 0.293667538385  14.46114624
 0.298278133986  14.51830618
 0.302888728867  14.56654631
 0.307499322311  14.60992836
 0.312109917911  14.64908495
 0.316720513512  14.68348676
 0.321331108394  14.71220477
 0.325941703275  14.73397593
 0.330552299596  14.74714714
 0.335162894477  14.75154222
 0.335162894477  14.75154222
 0.339286735263  14.73689958
 0.343410579265  14.69336526
 0.34753442005  14.6223449
 0.351658260836  14.52475251
 0.355782101621  14.40540927
 0.359905945623  14.26616536
 0.364029786409  14.1101238
 0.368153627194  13.94010679
 0.372277471196  13.75873727
 0.376401311982  13.56823294
 0.380525152767  13.37004873
 0.384648993553  13.16329843
 0.388772837555  12.93181968
 0.39289667834  12.51204612
 0.397020519126  11.88874121
 0.401144363128  11.24470228
 0.405268203913  10.60216032
 0.409392044699  9.96492434
 0.413515885484  9.33436417
 0.417639729486  8.71124562
 0.421763570272  8.0922553
 0.425887411057  7.78550379
 0.430011251843  7.61794051
 0.434135095845  7.46054521
 0.43825893663  7.3133219
 0.442382777416  7.17627325
 0.446506621418  7.04939968
 0.450630462203  6.93323686
 0.454754302989  6.82662703
 0.458878143774  6.73019643
 0.463001987776  6.64394161
 0.467125828562  6.56785169
 0.471249669347  6.50194539
 0.475373513349  6.44619572
 0.479497354135  6.40060012
 0.48362119492  6.36515721
 0.487745035706  6.3398656
 0.491868879708  6.32461102
 0.495992720493  6.31954609
 0.495992720493  6.31954609
 0.498054642494  6.44196262
 0.500116561279  6.64403196
 0.50217848328  6.85925914
 0.504240405281  7.08004126
 0.506302324065  7.3047993
 0.508364246066  7.53292045
 0.510426164851  7.76413465
 0.512488086852  7.99830303
 0.514550008853  8.23586786
 0.516611927637  8.47576822
 0.518673849638  8.71845789
 0.520735771639  8.96391137
 0.522797690424  9.21210742
 0.524859612425  9.46302567
 0.526921534426  9.71665586
 0.52898345321  9.97298422
 0.531045375211  10.23199751
 0.533107297212  10.49368279
 0.535169215997  10.75802702
 0.537231137998  11.02501672
 0.539293056782  11.29463808
 0.541354978783  11.56687658
 0.543416900784  11.84171701
 0.545478819569  12.11914337
 0.54754074157  12.39913846
 0.549602663571  12.68168217
 0.551664582355  12.96675445
 0.553726504356  13.25433664
 0.555788426357  13.541172
 0.557850345142  13.83357287
 0.559912267143  14.12721166
 0.561974189144  14.42439399
 0.564036107928  14.72395084
 0.566098029929  15.02585024
 0.568159948714  15.33005775
 0.570221870715  15.63653619
 0.572283792716  15.94524523
 0.5743457115  16.25614129
 0.576407633501  16.56916968
 0.576407633501  16.56916961
 0.57932363156  16.50664024
 0.582239625069  16.37171295
 0.585155623128  16.21542992
 0.588071621186  16.054111
 0.590987614696  15.8930926
 0.593903612754  15.73405788
 0.596819606263  15.57887316
 0.599735604322  15.43350181
 0.60265160238  15.28402295
 0.60556759589  15.14102937
 0.608483593948  15.00251527
 0.611399592007  14.87058095
 0.614315585516  14.74107304
 0.617231583574  14.61616939
 0.620147581633  14.49587207
 0.623063575142  14.38017107
 0.625979573201  14.26904683
 0.628895571259  14.16227866
 0.631811564769  14.06019102
 0.634727562827  13.96254157
 0.637643556336  13.86925231
 0.640559554395  13.78052927
 0.643475552453  13.69559371
 0.646391545963  13.61461732
 0.649307544021  13.5373784
 0.65222354208  13.46357915
 0.655139535589  13.39284066
 0.658055533648  13.32569021
 0.660971531706  13.25927244
 0.663887525215  13.191391
 0.666803523274  13.12503616
 0.669719521332  13.05617684
 0.672635514842  12.98218508
 0.6755515129  12.89959091
 0.67846750641  12.80371196
 0.681383504468  12.68921861
 0.684299502526  12.55098646
 0.687215496036  12.38836158
 0.690131494094  12.25928214
 0.690131494094  12.25928214
 0.693702844976  12.305433
 0.697274198643  12.39990941
 0.700845549524  12.50965523
 0.704416900406  12.63240454
 0.707988251287  12.76404751
 0.711559604954  12.90386673
 0.715130955835  13.05151624
 0.718702306717  13.20679049
 0.722273660384  13.36957928
 0.725845011265  13.53966203
 0.729416362147  13.71697128
 0.732987713028  13.90136787
 0.736559066695  14.09268884
 0.740130417576  14.29073568
 0.743701768458  14.49525769
 0.747273122125  14.70592939
 0.750844473006  14.92231627
 0.754415823887  15.06669494
 0.757987174769  15.08241512
 0.761558528436  15.10357035
 0.765129879317  15.12920206
 0.768701230199  15.15918521
 0.77227258108  15.19275027
 0.775843934747  15.22917262
 0.779415285628  15.26760154
 0.78298663651  15.30703163
 0.786557990177  15.34626612
 0.790129341058  15.38384892
 0.79370069194  15.41900235
 0.797272042821  15.44711856
 0.800843396488  15.46625983
 0.804414747369  15.47219876
 0.807986098251  15.45895091
 0.811557451918  15.34476583
 0.815128802799  15.16251855
 0.818700153681  15.00108675
 0.822271504562  14.87030503
 0.825842858229  14.78274673
 0.82941420911  14.75154222
 0.82941420911  14.75154224
 0.833788203924  14.75653534
 0.838162198737  14.76853276
 0.84253619355  14.78950704
 0.846910188363  14.81763099
 0.851284183176  14.85356592
 0.855658177989  14.89494635
 0.860032170528  14.94118863
 0.864406165341  14.98830371
 0.868780160154  15.02983132
 0.873154154968  15.05287082
 0.877528149781  15.031094
 0.881902144594  14.92326062
 0.886276139407  14.70348978
 0.89065013422  14.68470218
 0.895024129033  14.8722149
 0.899398123846  15.07254083
 0.90377211866  15.28546097
 0.908146113473  14.97183903
 0.912520108286  14.6002313
 0.916894100825  14.23404301
 0.921268095638  13.87435791
 0.925642090451  13.52175981
 0.930016085264  13.17683503
 0.934390080077  12.84245861
 0.93876407489  12.51431123
 0.943138069703  12.19514957
 0.947512064517  11.88536311
 0.95188605933  11.58525906
 0.956260054143  11.29518424
 0.960634048956  11.0152567
 0.965008043769  10.74455591
 0.969382038582  10.48543222
 0.973756031121  10.23701448
 0.978130025934  9.9994032
 0.982504020747  9.77096112
 0.986878015561  9.55493763
 0.991252010374  9.34970319
 0.995626005187  9.15509408
 1.0  8.97082108
 1.0  16.41012922
 0.995626005187  17.11351395
 0.991252010374  17.81618165
 0.986878015561  18.51295159
 0.982504020747  19.19684707
 0.978130025934  19.8654583
 0.973756031121  20.38090187
 0.969382038582  19.9695242
 0.965008043769  19.58087797
 0.960634048956  19.19764512
 0.956260054143  18.82961237
 0.95188605933  18.46475736
 0.947512064517  18.11684036
 0.943138069703  17.77988452
 0.93876407489  17.4553725
 0.934390080077  17.14281006
 0.930016085264  16.82720055
 0.925642090451  16.53917291
 0.921268095638  16.26346912
 0.916894100825  16.00017277
 0.912520108286  15.74936439
 0.908146113473  15.51110639
 0.90377211866  15.34799959
 0.899398123846  15.73300942
 0.895024129033  16.1084023
 0.89065013422  16.13090867
 0.886276139407  16.12310313
 0.881902144594  16.2215732
 0.877528149781  16.37271211
 0.873154154968  16.23184934
 0.868780160154  16.10913992
 0.864406165341  15.99281857
 0.860032170528  15.87893827
 0.855658177989  15.76298906
 0.851284183176  15.63899769
 0.846910188363  15.49282408
 0.84253619355  15.31799366
 0.838162198737  15.0980522
 0.833788203924  14.85998346
 0.82941420911  14.75160981
 0.82941420911  14.75159795
 0.825842858229  14.78283414
 0.822271504562  14.87160497
 0.818700153681  15.00115114
 0.815128802799  15.16256833
 0.811557451918  15.36492465
 0.807986098251  15.54271958
 0.804414747369  15.74889375
 0.800843396488  15.96283912
 0.797272042821  16.17709345
 0.79370069194  16.38278586
 0.790129341058  16.55591972
 0.786557990177  16.67972318
 0.78298663651  16.70810329
 0.779415285628  16.62815859
 0.775843934747  16.47040714
 0.77227258108  16.27104638
 0.768701230199  16.05205023
 0.765129879317  15.82476728
 0.761558528436  15.59515136
 0.757987174769  15.36958796
 0.754415823887  15.1438202
 0.750844473006  14.92481888
 0.747273122125  14.70596153
 0.743701768458  14.49530916
 0.740130417576  14.29073848
 0.736559066695  14.0926946
 0.732987713028  13.90137122
 0.729416362147  13.71697128
 0.725845011265  13.53966233
 0.722273660384  13.36957933
 0.718702306717  13.20679054
 0.715130955835  13.05151626
 0.711559604954  12.90386676
 0.707988251287  12.76404751
 0.704416900406  12.63240456
 0.700845549524  12.50965525
 0.697274198643  12.39990941
 0.693702844976  12.305433
 0.690131494094  12.25928216
 0.690131494094  12.25928215
 0.687215496036  12.40715001
 0.684299502526  12.60085021
 0.681383504468  12.77728756
 0.67846750641  12.9333093
 0.6755515129  13.0705772
 0.672635514842  13.19039042
 0.669719521332  13.29962223
 0.666803523274  13.39995366
 0.663887525215  13.49425702
 0.660971531706  13.58612069
 0.658055533648  13.67489744
 0.655139535589  13.76153176
 0.65222354208  13.85065649
 0.649307544021  13.94167981
 0.646391545963  14.0346992
 0.643475552453  14.13041924
 0.640559554395  14.22916097
 0.637643556336  14.32924904
 0.634727562827  14.43459122
 0.631811564769  14.54335976
 0.628895571259  14.65554303
 0.625979573201  14.77406548
 0.623063575142  14.89266863
 0.620147581633  15.01426644
 0.617231583574  15.13857894
 0.614315585516  15.26523768
 0.611399592007  15.39376765
 0.608483593948  15.52341942
 0.60556759589  15.65374235
 0.60265160238  15.78355809
 0.599735604322  15.91184366
 0.596819606263  16.03622981
 0.593903612754  16.15535886
 0.590987614696  16.26738767
 0.588071621186  16.36666077
 0.585155623128  16.45052711
 0.582239625069  16.51474324
 0.57932363156  16.55711448
 0.576407633501  16.5691859
 0.576407633501  16.56928786
 0.5743457115  16.88431568
 0.572283792716  16.92578704
 0.570221870715  16.77812779
 0.568159948714  16.59589127
 0.566098029929  16.39109157
 0.564036107928  16.17136797
 0.561974189144  15.94186086
 0.559912267143  15.7059704
 0.557850345142  15.46870268
 0.555788426357  15.22623694
 0.553726504356  14.98267144
 0.551664582355  14.73826112
 0.549602663571  14.49395102
 0.54754074157  14.25026198
 0.545478819569  14.0076271
 0.543416900784  13.76642101
 0.541354978783  13.52697457
 0.539293056782  13.28959547
 0.537231137998  13.0545806
 0.535169215997  12.82222775
 0.533107297212  12.59284549
 0.531045375211  12.36676441
 0.52898345321  12.1443467
 0.526921534426  11.92600138
 0.524859612425  11.71219678
 0.522797690424  11.50347867
 0.520735771639  11.3004859
 0.518673849638  11.10399306
 0.516611927637  10.91492799
 0.514550008853  10.73440807
 0.512488086852  10.56154265
 0.510426164851  10.40241786
 0.508364246066  10.25674204
 0.506302324065  10.12676325
 0.504240405281  10.01500918
 0.50217848328  9.92417381
 0.500116561279  9.85584692
 0.498054642494  9.81316367
 0.495992720493  9.79917045
 0.495992720493  9.79917045
 0.491868879708  9.80456169
 0.487745035706  9.82253189
 0.48362119492  9.84941048
 0.479497354135  9.88697462
 0.475373513349  9.9367607
 0.471249669347  9.99540619
 0.467125828562  10.06446158
 0.463001987776  10.14379271
 0.458878143774  10.23324066
 0.454754302989  10.33262953
 0.450630462203  10.44175367
 0.446506621418  10.55821775
 0.442382777416  10.68617363
 0.43825893663  10.82308472
 0.434135095845  10.96862397
 0.430011251843  11.1224324
 0.425887411057  11.28410899
 0.421763570272  11.45321454
 0.417639729486  11.63257721
 0.413515885484  11.8146241
 0.409392044699  12.00296619
 0.405268203913  12.19690522
 0.401144363128  12.3965323
 0.397020519126  12.60415087
 0.39289667834  12.84024114
 0.388772837555  13.28552849
 0.384648993553  13.92228948
 0.380525152767  14.58398459
 0.376401311982  15.24431374
 0.372277471196  15.91014912
 0.368153627194  16.57123192
 0.364029786409  17.09767644
 0.359905945623  16.66962812
 0.355782101621  16.25798281
 0.351658260836  15.85520244
 0.34753442005  15.4752478
 0.343410579265  15.13129796
 0.339286735263  14.86258641
 0.335162894477  14.75158955
 0.335162894477  14.75160533
 0.330552299596  14.87596456
 0.325941703275  15.15633036
 0.321331108394  15.44783243
 0.316720513512  15.72943377
 0.312109917911  16.0050858
 0.307499322311  16.28308903
 0.302888728867  16.56404981
 0.298278133986  16.64354537
 0.293667538385  16.03587892
 0.289056942784  15.45288498
 0.284446347903  14.96165452
 0.279835753021  14.68199415
 0.275225156701  14.578642
 0.270614561819  14.53739235
 0.266003966938  14.52255889
 0.261393370617  14.52433832
 0.256782775736  14.53936245
 0.252172180854  14.56629618
 0.247561585253  14.60454283
 0.24295099181  14.65368147
 0.238340396209  14.71370337
 0.233729801328  14.78427185
 0.229119206446  14.86644998
 0.224508610126  14.95719297
 0.219898015245  15.05743763
 0.215287420363  15.16661301
 0.210676824043  15.28398805
 0.206066229161  15.4102401
 0.20145563428  15.54105276
 0.196845038679  15.6765245
 0.192234443078  15.8149948
 0.187623848196  15.95478695
 0.183013254753  16.09412215
 0.178402659152  16.23145876
 0.173792063551  16.36547177
 0.16918146867  16.49076813
 0.164570873788  16.60967785
 0.159960277468  16.69212154
 0.155349682587  16.56924998
 0.155349682587  16.56926769
 0.153891683557  16.72685431
 0.152433684528  16.88572644
 0.150975690048  17.04539498
 0.149517691019  17.03055235
 0.148059691989  17.01202411
 0.14660169296  16.99032458
 0.145143693931  16.96624719
 0.143685694902  16.94048325
 0.142227700422  16.91356293
 0.140769701392  16.88596548
 0.139311702363  16.85805324
 0.137853703334  16.83011209
 0.136395704305  16.80233485
 0.134937709824  16.77558283
 0.133479710795  16.74878823
 0.132021711766  16.7226565
 0.130563712737  16.69728493
 0.129105713708  16.67275344
 0.127647714678  16.64757655
 0.126189720198  16.62489941
 0.124731721169  16.60638518
 0.12327372214  16.58573171
 0.12181572311  16.56614622
 0.120357724081  16.54765499
 0.118899725052  16.53028089
 0.117441730572  16.51404328
 0.115983731543  16.49895854
 0.114525732513  16.48504015
 0.113067733484  16.47230053
 0.111609734455  16.46074954
 0.110151739975  16.45039539
 0.108693740946  16.44124578
 0.107235741916  16.43330696
 0.105777742887  16.4265837
 0.104319743858  16.42108034
 0.102861744829  16.41565913
 0.101403750348  16.41258765
 0.0999457513192  16.41074391
 0.09848775229  16.41012921
 0.09848775229  16.41012923
 0.095962423894  16.64549787
 0.0934370981244  16.88322975
 0.0909117723547  17.12302008
 0.0883864439588  17.36450378
 0.0858611181891  17.6072295
 0.0833357897931  17.85060861
 0.0808104640235  18.09386541
 0.0782851356275  18.33434509
 0.0757598098579  18.58009653
 0.0732344840883  18.81447265
 0.0707091556923  19.04196725
 0.0681838272963  18.99227469
 0.0656585015267  18.68673029
 0.063133175757  18.38682372
 0.060607847361  18.09430431
 0.0580825215914  17.80514022
 0.0555571931954  17.51936972
 0.0530318647995  17.23709192
 0.0505065390298  16.96015252
 0.0479812132602  16.68491239
 0.0454558874905  16.39710677
 0.0429305590946  16.12970369
 0.0404052306986  15.86599868
 0.0378799049289  15.60600797
 0.035354576533  15.34977112
 0.0328292507633  15.09731344
 0.0303039249937  14.84866037
 0.0277785965977  14.60383518
 0.0252532682017  14.3628621
 0.0227279424321  14.1257659
 0.0202026166625  13.89257644
 0.0176772882665  13.66455268
 0.0151519624968  13.43927628
 0.0126266341009  13.21809303
 0.0101013083312  13.0011753
 0.00757597993525  12.78891076
 0.00505065416562  12.58241881
 0.00252532839598  12.38675197
 0.0  12.25928214
